{"producer":{"name":"Blender","version":"2.81 (sub 16)","exporter_version":"6.2.4","file":"PNJ.babylon"},
"autoClear":true,"clearColor":[0.0509,0.0509,0.0509],"gravity":[0,-9.81,0],
"materials":[{"name":"PNJ_baked","id":"PNJ_baked","customType":"BABYLON.PBRMaterial","backFaceCulling":true,"checkReadyOnlyOnce":false,"maxSimultaneousLights":4,"environmentIntensity":1,"reflectivity":[0.5,0.5,0.5],"roughness":0.5,"alpha":1,"transparencyMode":0,"alphaCutOff":0.4,"metallic":0, 
"albedoTexture":{"name":"metal8.png","level":1,"hasAlpha":true,"coordinatesMode":0,"uOffset":0,"vOffset":0,"uScale":1,"vScale":1,"uAng":0,"vAng":0,"wAng":0,"wrapU":1,"wrapV":1,"coordinatesIndex":0},"useAlphaFromAlbedoTexture":true},
{"name":"Robot_Caoutchouc","id":"Robot_Caoutchouc","customType":"BABYLON.PBRMaterial","backFaceCulling":true,"checkReadyOnlyOnce":false,"maxSimultaneousLights":4,"environmentIntensity":1,"reflectivity":[0.5,0.5,0.5],"roughness":0.5,"alpha":1,"transparencyMode":0,"alphaCutOff":0.4,"metallic":0, 
"albedoTexture":{"name":"rubber3.png","level":1,"hasAlpha":true,"coordinatesMode":0,"uOffset":0,"vOffset":0,"uScale":1,"vScale":1,"uAng":0,"vAng":0,"wAng":0,"wrapU":1,"wrapV":1,"coordinatesIndex":0},"useAlphaFromAlbedoTexture":true},
{"name":"Robot_Metal","id":"Robot_Metal","customType":"BABYLON.PBRMaterial","backFaceCulling":true,"checkReadyOnlyOnce":false,"maxSimultaneousLights":4,"environmentIntensity":1,"reflectivity":[0.5,0.5,0.5],"roughness":0.5,"alpha":1,"transparencyMode":0,"alphaCutOff":0.4,"metallic":0, 
"albedoTexture":{"name":"metal7.png","level":1,"hasAlpha":true,"coordinatesMode":0,"uOffset":0,"vOffset":0,"uScale":1,"vScale":1,"uAng":0,"vAng":0,"wAng":0,"wrapU":1,"wrapV":1,"coordinatesIndex":0},"useAlphaFromAlbedoTexture":true},
{"name":"Robot_Anteinne","id":"Robot_Anteinne","customType":"BABYLON.PBRMaterial","backFaceCulling":true,"checkReadyOnlyOnce":false,"maxSimultaneousLights":4,"environmentIntensity":1,"albedo":[0.3757,0,0.0034],"reflectivity":[0.5,0.5,0.5],"roughness":0.5,"alpha":1,"transparencyMode":0,"alphaCutOff":0.4,"metallic":0},
{"name":"Robot_Eyes","id":"Robot_Eyes","customType":"BABYLON.PBRMaterial","backFaceCulling":true,"checkReadyOnlyOnce":false,"maxSimultaneousLights":4,"environmentIntensity":1,"albedo":[0.1626,0,0.0017],"reflectivity":[0.5,0.5,0.5],"roughness":0.5,"alpha":1,"transparencyMode":0,"alphaCutOff":0.4,"metallic":0},
{"name":"Robot_Ecran","id":"Robot_Ecran","customType":"BABYLON.PBRMaterial","backFaceCulling":true,"checkReadyOnlyOnce":false,"maxSimultaneousLights":4,"environmentIntensity":1,"albedo":[0.8,0.8,0.8],"reflectivity":[0.5,0.5,0.5],"roughness":0.5,"alpha":1,"transparencyMode":0,"alphaCutOff":0.4,"metallic":0},
{"name":"Robot_Ecran_Bord","id":"Robot_Ecran_Bord","customType":"BABYLON.PBRMaterial","backFaceCulling":true,"checkReadyOnlyOnce":false,"maxSimultaneousLights":4,"environmentIntensity":1,"reflectivity":[0.5,0.5,0.5],"roughness":0.5,"alpha":1,"transparencyMode":0,"alphaCutOff":0.4,"metallic":0, 
"albedoTexture":{"name":"wood7.png","level":1,"hasAlpha":true,"coordinatesMode":0,"uOffset":0,"vOffset":0,"uScale":1,"vScale":1,"uAng":0,"vAng":0,"wAng":0,"wrapU":1,"wrapV":1,"coordinatesIndex":0},"useAlphaFromAlbedoTexture":true},
{"name":"Robot_Bouton_1","id":"Robot_Bouton_1","customType":"BABYLON.PBRMaterial","backFaceCulling":true,"checkReadyOnlyOnce":false,"maxSimultaneousLights":4,"environmentIntensity":1,"albedo":[0.8,0,0.0247],"reflectivity":[0.5,0.5,0.5],"roughness":0.5,"alpha":1,"transparencyMode":0,"alphaCutOff":0.4,"metallic":0},
{"name":"Robot_Bouton_2","id":"Robot_Bouton_2","customType":"BABYLON.PBRMaterial","backFaceCulling":true,"checkReadyOnlyOnce":false,"maxSimultaneousLights":4,"environmentIntensity":1,"albedo":[0,0.2668,0.0014],"reflectivity":[0.5,0.5,0.5],"roughness":0.5,"alpha":1,"transparencyMode":0,"alphaCutOff":0.4,"metallic":0},
{"name":"Robot_Bouton_3","id":"Robot_Bouton_3","customType":"BABYLON.PBRMaterial","backFaceCulling":true,"checkReadyOnlyOnce":false,"maxSimultaneousLights":4,"environmentIntensity":1,"albedo":[0.8,0.459,0],"reflectivity":[0.5,0.5,0.5],"roughness":0.5,"alpha":1,"transparencyMode":0,"alphaCutOff":0.4,"metallic":0}],
"multiMaterials":[{"name":"PNJ.Multimaterial#0","id":"PNJ.Multimaterial#0","materials":["PNJ_baked","Robot_Caoutchouc","Robot_Metal","Robot_Anteinne","Robot_Eyes","Robot_Ecran","Robot_Ecran_Bord","Robot_Bouton_1","Robot_Bouton_2","Robot_Bouton_3"]}],
"skeletons":[{"name":"PNJ_Character","id":0,"dimensionsAtRest":[472.5029,516.9562,56.3971],"bones":[
{"name":"mixamorig:Hips","index":0,"matrix":[1,0,0,0,0,1,0,0,0,0,-1,0,0,172.2355,2.368,1],"rest":[1,0,0,0,0,1,0,0,0,0,-1,0,1.2043,171.5598,4.8886,1],"parentBoneIndex":-1,"length":29.1391
,"animation":{"dataType":3,"framePerSecond":30,"keys":[
{"frame":1,"values":[0.9834,0.0142,-0.181,0,-0.0102,0.9997,0.0227,0,-0.1813,0.0205,-0.9832,0,1.6339,166.6074,6.6728,1]},
{"frame":2,"values":[0.9833,0.0142,-0.1817,0,-0.01,0.9997,0.0235,0,-0.1819,0.0213,-0.9831,0,1.6652,166.5932,6.7431,1]},
{"frame":3,"values":[0.9831,0.0143,-0.1825,0,-0.01,0.9997,0.0243,0,-0.1828,0.0221,-0.9829,0,1.7109,166.5825,6.7999,1]},
{"frame":4,"values":[0.9832,0.0146,-0.1821,0,-0.0102,0.9996,0.025,0,-0.1824,0.0228,-0.983,0,1.7532,166.573,6.8589,1]},
{"frame":5,"values":[0.9836,0.016,-0.1797,0,-0.011,0.9995,0.0283,0,-0.18,0.0259,-0.9833,0,1.7625,166.5611,6.9689,1]},
{"frame":6,"values":[0.9846,0.0168,-0.1738,0,-0.0106,0.9993,0.0364,0,-0.1743,0.034,-0.9841,0,1.7386,166.5252,7.182,1]},
{"frame":7,"values":[0.9863,0.0161,-0.1641,0,-0.0079,0.9987,0.0506,0,-0.1647,0.0486,-0.9851,0,1.6711,166.3918,7.5786,1]},
{"frame":8,"values":[0.9884,0.0159,-0.1509,0,-0.0052,0.9975,0.0709,0,-0.1516,0.0693,-0.986,0,1.6579,165.8753,8.3001,1]},
{"frame":9,"values":[0.9916,0.0184,-0.1281,0,-0.0058,0.9952,0.0981,0,-0.1293,0.0965,-0.9869,0,1.6184,165.4103,9.3871,1]},
{"frame":10,"values":[0.996,0.0185,-0.0879,0,-0.007,0.9916,0.1292,0,-0.0895,0.128,-0.9877,0,1.3927,165.275,10.7886,1]},
{"frame":11,"values":[0.999,0.0299,-0.0343,0,-0.0243,0.988,0.1524,0,-0.0384,0.1514,-0.9877,0,0.6233,165.7438,12.4551,1]},
{"frame":12,"values":[0.9982,0.0504,0.0312,0,-0.0547,0.9864,0.1548,0,0.0229,0.1562,-0.9875,0,-0.728,167.0646,14.0844,1]},
{"frame":13,"values":[0.9926,0.0618,0.1043,0,-0.0762,0.9871,0.1407,0,0.0943,0.1476,-0.9845,0,-2.3111,168.2701,15.7461,1]},
{"frame":14,"values":[0.9836,0.0635,0.169,0,-0.0864,0.9875,0.132,0,0.1585,0.1444,-0.9767,0,-3.8138,168.8514,18.0205,1]},
{"frame":15,"values":[0.9758,0.0657,0.2087,0,-0.0955,0.9861,0.1359,0,0.1969,0.1526,-0.9685,0,-5.311,169.1499,21.0842,1]},
{"frame":16,"values":[0.9726,0.0647,0.2231,0,-0.0987,0.9845,0.1449,0,0.2103,0.1629,-0.964,0,-6.5335,169.0788,24.5086,1]},
{"frame":17,"values":[0.9716,0.0574,0.2296,0,-0.095,0.9831,0.1563,0,0.2167,0.1736,-0.9607,0,-7.4225,168.3897,28.2934,1]},
{"frame":18,"values":[0.9692,0.0468,0.2417,0,-0.0893,0.9817,0.168,0,0.2294,0.1844,-0.9557,0,-8.0867,167.3188,32.5668,1]},
{"frame":19,"values":[0.9653,0.0366,0.2585,0,-0.0843,0.9807,0.1762,0,0.2471,0.1919,-0.9498,0,-8.5732,166.0447,37.2681,1]},
{"frame":20,"values":[0.961,0.0275,0.2753,0,-0.0802,0.98,0.1822,0,0.2648,0.1972,-0.9439,0,-8.9646,164.6634,42.214,1]},
{"frame":21,"values":[0.9577,0.0166,0.2874,0,-0.0729,0.9798,0.1862,0,0.2785,0.1993,-0.9395,0,-9.1849,163.1706,47.331,1]},
{"frame":22,"values":[0.9545,0.0055,0.2981,0,-0.0642,0.9802,0.1876,0,0.2911,0.1982,-0.9359,0,-9.128,161.4437,52.615,1]},
{"frame":23,"values":[0.9506,-0.0038,0.3103,0,-0.0579,0.9802,0.1893,0,0.3049,0.1979,-0.9316,0,-8.7623,159.2953,58.307,1]},
{"frame":24,"values":[0.9471,-0.0131,0.3207,0,-0.0508,0.9805,0.1901,0,0.317,0.1963,-0.9279,0,-8.096,156.742,64.7966,1]},
{"frame":25,"values":[0.9456,-0.0216,0.3246,0,-0.0433,0.9806,0.1914,0,0.3224,0.195,-0.9263,0,-7.4417,154.1018,72.3441,1]},
{"frame":26,"values":[0.9483,-0.0205,0.3166,0,-0.0421,0.9809,0.1897,0,0.3145,0.1932,-0.9294,0,-7.0524,151.8951,80.9406,1]},
{"frame":27,"values":[0.9597,-0.0071,0.2809,0,-0.0453,0.9826,0.1799,0,0.2773,0.1854,-0.9427,0,-6.3365,150.3438,89.7549,1]},
{"frame":28,"values":[0.9785,0.0054,0.206,0,-0.0411,0.9847,0.1691,0,0.2019,0.1739,-0.9638,0,-5.168,150.1097,97.2821,1]},
{"frame":29,"values":[0.9907,0.0062,0.1358,0,-0.0286,0.9861,0.1635,0,0.1329,0.1658,-0.9772,0,-4.059,151.972,104.305,1]},
{"frame":30,"values":[0.9952,0.0005,0.0983,0,-0.017,0.9858,0.1672,0,0.0968,0.168,-0.981,0,-3.2144,155.7433,112.152,1]},
{"frame":31,"values":[0.9959,-0.0202,0.0882,0,0.0051,0.9859,0.1675,0,0.0903,0.1664,-0.9819,0,-2.6961,160.273,119.9613,1]},
{"frame":32,"values":[0.995,-0.0449,0.0892,0,0.0303,0.9868,0.1593,0,0.0951,0.1558,-0.9832,0,-2.3819,164.2296,127.0293,1]},
{"frame":33,"values":[0.9938,-0.0599,0.0937,0,0.0465,0.9892,0.139,0,0.101,0.1338,-0.9858,0,-2.035,167.2304,133.5025,1]},
{"frame":34,"values":[0.9936,-0.0592,0.0958,0,0.0494,0.9935,0.1023,0,0.1012,0.0969,-0.9901,0,-1.7361,168.9666,139.4365,1]},
{"frame":35,"values":[0.9951,-0.0517,0.0839,0,0.0462,0.9967,0.0665,0,0.0871,0.0623,-0.9943,0,-1.2374,169.8147,144.9069,1]},
{"frame":36,"values":[0.9966,-0.0476,0.067,0,0.0464,0.9987,0.0204,0,0.0679,0.0172,-0.9975,0,-0.5684,170.0106,149.8847,1]},
{"frame":37,"values":[0.9982,-0.0414,0.0437,0,0.0431,0.9984,-0.037,0,0.0421,-0.0388,-0.9984,0,0.0304,169.4817,154.5345,1]},
{"frame":38,"values":[0.9995,-0.0295,0.0058,0,0.0299,0.9958,-0.0867,0,0.0032,-0.0869,-0.9962,0,0.4624,168.5002,159.206,1]},
{"frame":39,"values":[0.9992,-0.0165,-0.036,0,0.0118,0.9917,-0.1283,0,-0.0378,-0.1278,-0.9911,0,0.6274,167.2946,163.7958,1]},
{"frame":40,"values":[0.9977,0.0012,-0.0679,0,-0.0122,0.9866,-0.1626,0,-0.0668,-0.163,-0.9844,0,0.4854,165.6166,168.24,1]},
{"frame":41,"values":[0.9963,0.0267,-0.082,0,-0.0422,0.9802,-0.1936,0,-0.0752,-0.1963,-0.9777,0,0.1305,163.3565,172.6068,1]},
{"frame":42,"values":[0.995,0.0521,-0.0848,0,-0.0699,0.9724,-0.2226,0,-0.0709,-0.2275,-0.9712,0,-0.4015,160.8057,176.882,1]},
{"frame":43,"values":[0.9936,0.0724,-0.0868,0,-0.092,0.9642,-0.2486,0,-0.0657,-0.255,-0.9647,0,-0.9721,157.5374,180.9932,1]},
{"frame":44,"values":[0.9915,0.0863,-0.0969,0,-0.109,0.9592,-0.2608,0,-0.0704,-0.2692,-0.9605,0,-1.5288,153.7222,184.8688,1]},
{"frame":45,"values":[0.9906,0.086,-0.1064,0,-0.11,0.9633,-0.2448,0,-0.0815,-0.2542,-0.9637,0,-2.043,150.5665,187.5968,1]},
{"frame":46,"values":[0.9926,0.0705,-0.0986,0,-0.0912,0.9702,-0.2247,0,-0.0798,-0.232,-0.9694,0,-2.655,148.5977,188.3501,1]},
{"frame":47,"values":[0.994,0.0639,-0.089,0,-0.0809,0.9758,-0.2031,0,-0.0739,-0.2091,-0.9751,0,-3.632,147.0769,187.3396,1]},
{"frame":48,"values":[0.9941,0.0698,-0.0831,0,-0.0824,0.9837,-0.1599,0,-0.0705,-0.1658,-0.9836,0,-4.6924,144.9491,185.2789,1]},
{"frame":49,"values":[0.9956,0.0698,-0.0632,0,-0.0771,0.9897,-0.1209,0,-0.0541,-0.1253,-0.9906,0,-5.6538,141.6054,182.5041,1]},
{"frame":50,"values":[0.9967,0.074,-0.032,0,-0.0767,0.9924,-0.0959,0,-0.0247,-0.098,-0.9949,0,-6.4342,137.2885,179.3625,1]},
{"frame":51,"values":[0.9971,0.0756,-0.0029,0,-0.0756,0.9941,-0.0779,0,0.003,-0.0779,-0.997,0,-7.0218,132.2544,175.9567,1]},
{"frame":52,"values":[0.9968,0.0766,0.0229,0,-0.0753,0.9959,-0.0502,0,0.0266,-0.0483,-0.9985,0,-7.8933,126.4133,172.9673,1]},
{"frame":53,"values":[0.9953,0.0838,0.0476,0,-0.0833,0.9964,-0.0142,0,0.0486,-0.0102,-0.9988,0,-9.4523,120.1183,170.0247,1]},
{"frame":54,"values":[0.9928,0.0937,0.0751,0,-0.0951,0.9954,0.015,0,0.0734,0.022,-0.9971,0,-11.4394,113.0246,167.3091,1]},
{"frame":55,"values":[0.9879,0.1061,0.1132,0,-0.1099,0.9936,0.0276,0,0.1095,0.0397,-0.9932,0,-13.9438,106.1662,164.6178,1]},
{"frame":56,"values":[0.981,0.1221,0.1507,0,-0.1275,0.9915,0.0271,0,0.1461,0.0458,-0.9882,0,-16.535,99.4012,162.0507,1]},
{"frame":57,"values":[0.9742,0.1396,0.1773,0,-0.1455,0.9892,0.0202,0,0.1726,0.0454,-0.9839,0,-19.0177,92.7491,159.5966,1]},
{"frame":58,"values":[0.9696,0.1555,0.1891,0,-0.1612,0.9868,0.015,0,0.1843,0.0451,-0.9818,0,-21.3915,86.6453,157.3197,1]},
{"frame":59,"values":[0.9686,0.1568,0.193,0,-0.1612,0.9869,0.0075,0,0.1893,0.0384,-0.9812,0,-23.1701,82.877,154.5415,1]},
{"frame":60,"values":[0.9714,0.131,0.198,0,-0.1277,0.9914,-0.0294,0,0.2002,-0.0033,-0.9798,0,-24.2281,83.5184,150.0781,1]},
{"frame":61,"values":[0.9763,0.1272,0.1749,0,-0.1108,0.9887,-0.1006,0,0.1857,-0.0789,-0.9794,0,-25.5,85.8344,144.5094,1]},
{"frame":62,"values":[0.9826,0.1486,0.1112,0,-0.131,0.9797,-0.1515,0,0.1315,-0.1343,-0.9822,0,-26.6099,87.7937,139.1073,1]},
{"frame":63,"values":[0.986,0.1657,0.0195,0,-0.1599,0.9718,-0.1736,0,0.0477,-0.168,-0.9846,0,-27.5944,89.0734,134.1856,1]},
{"frame":64,"values":[0.9835,0.1672,-0.0688,0,-0.1777,0.9642,-0.1966,0,-0.0335,-0.2056,-0.9781,0,-28.6572,89.1865,129.5556,1]},
{"frame":65,"values":[0.9801,0.1525,-0.1272,0,-0.1788,0.9562,-0.2317,0,-0.0863,-0.2499,-0.9644,0,-29.5502,88.3424,124.7214,1]},
{"frame":66,"values":[0.9779,0.1251,-0.1676,0,-0.168,0.9471,-0.2736,0,-0.1245,-0.2957,-0.9471,0,-30.2683,87.0502,119.6003,1]},
{"frame":67,"values":[0.9732,0.0813,-0.2152,0,-0.1505,0.9326,-0.3281,0,-0.174,-0.3516,-0.9198,0,-30.9019,85.4361,113.7177,1]},
{"frame":68,"values":[0.9597,0.0215,-0.28,0,-0.1367,0.9068,-0.3989,0,-0.2454,-0.4211,-0.8732,0,-31.4559,83.0275,107.5647,1]},
{"frame":69,"values":[0.9358,-0.0456,-0.3497,0,-0.1287,0.879,-0.4591,0,-0.3283,-0.4747,-0.8167,0,-31.6868,80.1034,101.099,1]},
{"frame":70,"values":[0.9137,-0.102,-0.3934,0,-0.1278,0.8468,-0.5163,0,-0.3858,-0.522,-0.7607,0,-32.4822,76.6929,94.484,1]},
{"frame":71,"values":[0.9134,-0.1132,-0.3911,0,-0.1525,0.7955,-0.5864,0,-0.3774,-0.5953,-0.7093,0,-34.3893,72.9813,88.5885,1]},
{"frame":72,"values":[0.9314,-0.0485,-0.3606,0,-0.2149,0.7265,-0.6527,0,-0.2936,-0.6855,-0.6662,0,-37.1706,68.9922,83.3407,1]},
{"frame":73,"values":[0.9429,0.0279,-0.3319,0,-0.2733,0.6342,-0.7233,0,-0.1903,-0.7727,-0.6056,0,-40.0466,64.2665,77.1897,1]},
{"frame":74,"values":[0.9401,0.0778,-0.3318,0,-0.3197,0.5385,-0.7796,0,-0.118,-0.839,-0.5312,0,-42.8749,58.349,69.149,1]},
{"frame":75,"values":[0.9299,0.125,-0.3459,0,-0.3637,0.4513,-0.8149,0,-0.0542,-0.8836,-0.4652,0,-45.6595,51.1698,60.5469,1]},
{"frame":76,"values":[0.9201,0.1492,-0.3621,0,-0.3916,0.3653,-0.8445,0,-0.0063,-0.9189,-0.3945,0,-47.8272,44.0278,53.474,1]},
{"frame":77,"values":[0.9132,0.1479,-0.3798,0,-0.4069,0.2769,-0.8705,0,0.0236,-0.9494,-0.3131,0,-49.9266,37.6028,47.0224,1]},
{"frame":78,"values":[0.9028,0.1622,-0.3984,0,-0.4229,0.1654,-0.891,0,0.0786,-0.9728,-0.2179,0,-52.3947,32.6287,41.3724,1]},
{"frame":79,"values":[0.8802,0.1684,-0.4438,0,-0.4609,0.0798,-0.8839,0,0.1134,-0.9825,-0.1478,0,-55.4946,31.1561,37.105,1]},
{"frame":80,"values":[0.8636,0.1618,-0.4775,0,-0.4926,0.0695,-0.8675,0,0.1071,-0.9844,-0.1397,0,-58.3185,32.438,33.7232,1]},
{"frame":81,"values":[0.8613,0.1562,-0.4835,0,-0.4989,0.0805,-0.8629,0,0.0959,-0.9844,-0.1473,0,-60.3011,33.9349,31.0547,1]},
{"frame":82,"values":[0.8642,0.1416,-0.4828,0,-0.496,0.0784,-0.8648,0,0.0846,-0.9868,-0.138,0,-61.7058,34.3072,28.7024,1]},
{"frame":83,"values":[0.866,0.1297,-0.483,0,-0.4947,0.0803,-0.8654,0,0.0735,-0.9883,-0.1337,0,-62.64,33.6242,26.7795,1]},
{"frame":84,"values":[0.8672,0.1359,-0.479,0,-0.4917,0.0817,-0.8669,0,0.0787,-0.9873,-0.1377,0,-63.2078,32.5166,25.6388,1]},
{"frame":85,"values":[0.87,0.1449,-0.4713,0,-0.4855,0.0845,-0.8702,0,0.0863,-0.9858,-0.1439,0,-63.4013,31.7341,25.076,1]},
{"frame":86,"values":[0.8755,0.1491,-0.4597,0,-0.4751,0.0914,-0.8752,0,0.0885,-0.9846,-0.1508,0,-63.2555,31.2314,24.9882,1]},
{"frame":87,"values":[0.8797,0.1455,-0.4528,0,-0.468,0.095,-0.8786,0,0.0848,-0.9848,-0.1517,0,-62.966,30.567,25.3045,1]},
{"frame":88,"values":[0.8827,0.1333,-0.4507,0,-0.464,0.095,-0.8807,0,0.0746,-0.9865,-0.1457,0,-62.5212,30.0665,25.5728,1]},
{"frame":89,"values":[0.884,0.1203,-0.4518,0,-0.4635,0.0988,-0.8806,0,0.0613,-0.9878,-0.1431,0,-62.2443,29.9259,26.4703,1]},
{"frame":90,"values":[0.8855,0.1137,-0.4505,0,-0.4616,0.1052,-0.8808,0,0.0528,-0.9879,-0.1456,0,-61.887,29.7995,27.2412,1]},
{"frame":91,"values":[0.8893,0.1125,-0.4432,0,-0.4546,0.1128,-0.8835,0,0.0494,-0.9872,-0.1515,0,-61.6248,29.6639,27.8142,1]},
{"frame":92,"values":[0.8913,0.1125,-0.4392,0,-0.4509,0.1191,-0.8846,0,0.0472,-0.9865,-0.1568,0,-61.4067,29.5561,28.0819,1]},
{"frame":93,"values":[0.8907,0.1094,-0.4413,0,-0.4525,0.1191,-0.8838,0,0.0441,-0.9868,-0.1555,0,-61.1784,29.4841,27.9751,1]},
{"frame":94,"values":[0.891,0.1086,-0.4408,0,-0.4518,0.1176,-0.8843,0,0.0442,-0.9871,-0.1539,0,-61.0553,29.412,27.7438,1]},
{"frame":95,"values":[0.8917,0.1114,-0.4387,0,-0.4501,0.116,-0.8854,0,0.0477,-0.987,-0.1536,0,-61.0259,29.361,27.3927,1]},
{"frame":96,"values":[0.8925,0.114,-0.4363,0,-0.4481,0.1161,-0.8864,0,0.0504,-0.9867,-0.1547,0,-61.0715,29.3118,27.0158,1]},
{"frame":97,"values":[0.893,0.1155,-0.435,0,-0.4471,0.1174,-0.8867,0,0.0514,-0.9863,-0.1565,0,-61.143,29.2632,26.7414,1]},
{"frame":98,"values":[0.8933,0.1164,-0.4342,0,-0.4466,0.1191,-0.8868,0,0.0515,-0.986,-0.1583,0,-61.1841,29.2131,26.5704,1]},
{"frame":99,"values":[0.8935,0.1169,-0.4335,0,-0.446,0.1205,-0.8869,0,0.0514,-0.9858,-0.1598,0,-61.1611,29.1725,26.469,1]},
{"frame":100,"values":[0.8936,0.1169,-0.4334,0,-0.4459,0.1204,-0.8869,0,0.0515,-0.9858,-0.1597,0,-61.0781,29.1738,26.429,1]},
{"frame":101,"values":[0.8932,0.1174,-0.4342,0,-0.4467,0.1189,-0.8868,0,0.0524,-0.9859,-0.1587,0,-60.9576,29.2267,26.4445,1]},
{"frame":102,"values":[0.8923,0.1187,-0.4355,0,-0.4481,0.1175,-0.8862,0,0.054,-0.986,-0.158,0,-60.82,29.2954,26.4941,1]},
{"frame":103,"values":[0.8919,0.1188,-0.4363,0,-0.4489,0.1169,-0.8859,0,0.0543,-0.986,-0.1576,0,-60.7087,29.3303,26.5263,1]},
{"frame":104,"values":[0.892,0.1182,-0.4362,0,-0.4488,0.117,-0.886,0,0.0537,-0.9861,-0.1574,0,-60.6323,29.3336,26.5222,1]},
{"frame":105,"values":[0.8924,0.1183,-0.4354,0,-0.448,0.1172,-0.8863,0,0.0538,-0.986,-0.1576,0,-60.5806,29.3319,26.4898,1]},
{"frame":106,"values":[0.8927,0.1189,-0.4348,0,-0.4475,0.1175,-0.8866,0,0.0543,-0.9859,-0.1581,0,-60.5586,29.3153,26.4402,1]},
{"frame":107,"values":[0.8928,0.1193,-0.4344,0,-0.4472,0.1179,-0.8866,0,0.0546,-0.9858,-0.1587,0,-60.5563,29.2917,26.386,1]},
{"frame":108,"values":[0.8929,0.1199,-0.434,0,-0.4468,0.1179,-0.8868,0,0.0551,-0.9858,-0.1589,0,-60.5595,29.2744,26.35,1]},
{"frame":109,"values":[0.893,0.1204,-0.4336,0,-0.4465,0.1178,-0.887,0,0.0557,-0.9857,-0.1589,0,-60.5682,29.256,26.3449,1]},
{"frame":110,"values":[0.893,0.1205,-0.4335,0,-0.4465,0.1174,-0.8871,0,0.056,-0.9857,-0.1586,0,-60.5805,29.2434,26.3647,1]},
{"frame":111,"values":[0.8931,0.1204,-0.4334,0,-0.4463,0.1167,-0.8873,0,0.0563,-0.9858,-0.158,0,-60.5932,29.2369,26.3902,1]},
{"frame":112,"values":[0.8934,0.1207,-0.4327,0,-0.4456,0.1165,-0.8876,0,0.0567,-0.9858,-0.1578,0,-60.6064,29.2221,26.4122,1]},
{"frame":113,"values":[0.8942,0.1217,-0.4309,0,-0.444,0.1172,-0.8883,0,0.0576,-0.9856,-0.1589,0,-60.6298,29.1868,26.4426,1]},
{"frame":114,"values":[0.8948,0.1224,-0.4293,0,-0.4426,0.1179,-0.8889,0,0.0582,-0.9855,-0.1596,0,-60.6519,29.1534,26.4651,1]},
{"frame":115,"values":[0.8949,0.1225,-0.4291,0,-0.4424,0.1178,-0.8891,0,0.0584,-0.9855,-0.1596,0,-60.6621,29.1281,26.4692,1]},
{"frame":116,"values":[0.8948,0.1225,-0.4293,0,-0.4426,0.1176,-0.889,0,0.0584,-0.9855,-0.1594,0,-60.6707,29.1033,26.4748,1]},
{"frame":117,"values":[0.8948,0.1221,-0.4295,0,-0.4427,0.1174,-0.889,0,0.0581,-0.9856,-0.1591,0,-60.6762,29.0834,26.475,1]},
{"frame":118,"values":[0.8948,0.1218,-0.4295,0,-0.4427,0.1171,-0.889,0,0.058,-0.9856,-0.1587,0,-60.6788,29.0642,26.4738,1]},
{"frame":119,"values":[0.8948,0.1213,-0.4297,0,-0.4428,0.1168,-0.889,0,0.0576,-0.9857,-0.1582,0,-60.6848,29.0498,26.4767,1]},
{"frame":120,"values":[0.8949,0.1208,-0.4296,0,-0.4426,0.1169,-0.889,0,0.0571,-0.9858,-0.1581,0,-60.6876,29.0255,26.4734,1]},
{"frame":121,"values":[0.8952,0.1199,-0.4293,0,-0.4422,0.1172,-0.8892,0,0.0563,-0.9858,-0.1579,0,-60.6922,28.9948,26.4731,1]},
{"frame":122,"values":[0.8953,0.119,-0.4292,0,-0.442,0.1172,-0.8893,0,0.0556,-0.9859,-0.1575,0,-60.696,28.9757,26.4753,1]},
{"frame":123,"values":[0.8954,0.1185,-0.4292,0,-0.4419,0.1171,-0.8894,0,0.0551,-0.986,-0.1572,0,-60.6923,28.9653,26.4671,1]},
{"frame":124,"values":[0.8953,0.1182,-0.4294,0,-0.442,0.117,-0.8894,0,0.0549,-0.9861,-0.157,0,-60.6872,28.9545,26.46,1]},
{"frame":125,"values":[0.8958,0.1186,-0.4284,0,-0.4411,0.1176,-0.8897,0,0.0552,-0.986,-0.1576,0,-60.696,28.9295,26.4663,1]},
{"frame":126,"values":[0.8963,0.1183,-0.4274,0,-0.4401,0.1183,-0.8901,0,0.0548,-0.9859,-0.1581,0,-60.7088,28.9058,26.4641,1]},
{"frame":127,"values":[0.8963,0.1174,-0.4275,0,-0.4401,0.1187,-0.8901,0,0.0537,-0.986,-0.1581,0,-60.7141,28.8863,26.4474,1]},
{"frame":128,"values":[0.8963,0.1169,-0.4278,0,-0.4403,0.1189,-0.8899,0,0.0531,-0.986,-0.158,0,-60.7189,28.865,26.436,1]},
{"frame":129,"values":[0.8962,0.1165,-0.428,0,-0.4404,0.119,-0.8899,0,0.0527,-0.986,-0.158,0,-60.7222,28.8488,26.4267,1]},
{"frame":130,"values":[0.8961,0.1161,-0.4283,0,-0.4407,0.1192,-0.8897,0,0.0522,-0.9861,-0.158,0,-60.7268,28.8337,26.4289,1]},
{"frame":131,"values":[0.896,0.1155,-0.4288,0,-0.441,0.1189,-0.8896,0,0.0517,-0.9862,-0.1575,0,-60.7289,28.8232,26.4186,1]},
{"frame":132,"values":[0.8958,0.1154,-0.4292,0,-0.4414,0.1183,-0.8895,0,0.0518,-0.9863,-0.1569,0,-60.7325,28.8147,26.4185,1]},
{"frame":133,"values":[0.8958,0.1153,-0.4292,0,-0.4413,0.1181,-0.8895,0,0.0519,-0.9863,-0.1567,0,-60.7344,28.8124,26.4131,1]},
{"frame":141,"values":[0.9944,-0.048,-0.0946,0,0.0538,0.9967,0.0605,0,-0.0914,0.0652,-0.9937,0,3.467,170.5016,6.1945,1]},
{"frame":142,"values":[0.9944,-0.048,-0.0946,0,0.0538,0.9967,0.0601,0,-0.0914,0.0649,-0.9937,0,3.4682,170.5028,6.1906,1]},
{"frame":143,"values":[0.9943,-0.048,-0.0947,0,0.0538,0.9968,0.0599,0,-0.0916,0.0647,-0.9937,0,3.47,170.5039,6.1815,1]},
{"frame":144,"values":[0.9943,-0.0479,-0.0949,0,0.0538,0.9968,0.0597,0,-0.0918,0.0645,-0.9937,0,3.473,170.5064,6.1683,1]},
{"frame":145,"values":[0.9943,-0.0479,-0.0953,0,0.0537,0.9968,0.0596,0,-0.0921,0.0644,-0.9937,0,3.4764,170.5098,6.153,1]},
{"frame":146,"values":[0.9942,-0.0479,-0.0959,0,0.0538,0.9968,0.0596,0,-0.0927,0.0644,-0.9936,0,3.4791,170.5121,6.1377,1]},
{"frame":147,"values":[0.9942,-0.0479,-0.0966,0,0.0538,0.9968,0.0594,0,-0.0935,0.0643,-0.9935,0,3.4817,170.5133,6.123,1]},
{"frame":148,"values":[0.9941,-0.0478,-0.0974,0,0.0538,0.9968,0.0593,0,-0.0942,0.0642,-0.9935,0,3.4845,170.5142,6.1087,1]},
{"frame":149,"values":[0.994,-0.0479,-0.0981,0,0.0538,0.9968,0.0592,0,-0.0949,0.0641,-0.9934,0,3.4871,170.5149,6.0942,1]},
{"frame":150,"values":[0.994,-0.0479,-0.0988,0,0.0539,0.9968,0.0591,0,-0.0957,0.0641,-0.9933,0,3.4897,170.5156,6.0792,1]},
{"frame":151,"values":[0.9939,-0.0479,-0.0996,0,0.054,0.9968,0.059,0,-0.0964,0.064,-0.9933,0,3.4935,170.5159,6.0641,1]},
{"frame":152,"values":[0.9938,-0.0479,-0.1003,0,0.054,0.9968,0.0587,0,-0.0971,0.0638,-0.9932,0,3.4985,170.5166,6.0492,1]},
{"frame":153,"values":[0.9937,-0.048,-0.1009,0,0.054,0.9968,0.0584,0,-0.0978,0.0635,-0.9932,0,3.5032,170.5177,6.0342,1]},
{"frame":154,"values":[0.9937,-0.048,-0.1015,0,0.0541,0.9968,0.0581,0,-0.0984,0.0632,-0.9931,0,3.5058,170.5174,6.0201,1]},
{"frame":155,"values":[0.9936,-0.0481,-0.102,0,0.0542,0.9969,0.0579,0,-0.0989,0.063,-0.9931,0,3.5055,170.5159,6.0069,1]},
{"frame":156,"values":[0.9936,-0.0482,-0.1025,0,0.0543,0.9969,0.0577,0,-0.0994,0.0629,-0.9931,0,3.5008,170.5137,5.9951,1]},
{"frame":157,"values":[0.9935,-0.0484,-0.1029,0,0.0545,0.9969,0.0575,0,-0.0998,0.0627,-0.993,0,3.4911,170.5107,5.9849,1]},
{"frame":158,"values":[0.9935,-0.0485,-0.1031,0,0.0546,0.9969,0.0571,0,-0.1,0.0624,-0.993,0,3.4783,170.5075,5.9747,1]},
{"frame":159,"values":[0.9935,-0.0487,-0.1032,0,0.0547,0.9969,0.0567,0,-0.1001,0.062,-0.993,0,3.465,170.5048,5.9623,1]},
{"frame":160,"values":[0.9935,-0.0488,-0.1033,0,0.0548,0.9969,0.0563,0,-0.1002,0.0616,-0.9931,0,3.4521,170.503,5.948,1]},
{"frame":161,"values":[0.9934,-0.0489,-0.1034,0,0.0549,0.9969,0.056,0,-0.1003,0.0613,-0.9931,0,3.4377,170.5018,5.9335,1]},
{"frame":162,"values":[0.9934,-0.049,-0.1033,0,0.0549,0.9969,0.0557,0,-0.1003,0.061,-0.9931,0,3.421,170.5008,5.9178,1]},
{"frame":163,"values":[0.9935,-0.049,-0.1032,0,0.0549,0.997,0.0553,0,-0.1002,0.0606,-0.9931,0,3.4027,170.5,5.8987,1]},
{"frame":164,"values":[0.9935,-0.049,-0.1031,0,0.0549,0.997,0.0547,0,-0.1001,0.06,-0.9932,0,3.3849,170.4998,5.8749,1]},
{"frame":165,"values":[0.9934,-0.049,-0.1032,0,0.0548,0.997,0.0542,0,-0.1003,0.0595,-0.9932,0,3.3687,170.5009,5.8462,1]},
{"frame":166,"values":[0.9934,-0.049,-0.1034,0,0.0548,0.997,0.0539,0,-0.1005,0.0592,-0.9932,0,3.3539,170.5045,5.8125,1]},
{"frame":167,"values":[0.9934,-0.0488,-0.1035,0,0.0546,0.9971,0.0537,0,-0.1006,0.059,-0.9932,0,3.3406,170.5092,5.7761,1]},
{"frame":168,"values":[0.9934,-0.0487,-0.1035,0,0.0544,0.9971,0.0537,0,-0.1006,0.059,-0.9932,0,3.3284,170.5134,5.7402,1]},
{"frame":169,"values":[0.9935,-0.0485,-0.1033,0,0.0542,0.9971,0.0538,0,-0.1004,0.059,-0.9932,0,3.3157,170.5157,5.7068,1]},
{"frame":170,"values":[0.9935,-0.0483,-0.1031,0,0.0541,0.9971,0.054,0,-0.1002,0.0592,-0.9932,0,3.3006,170.5173,5.6735,1]},
{"frame":171,"values":[0.9935,-0.0481,-0.1029,0,0.0539,0.9971,0.0543,0,-0.1,0.0595,-0.9932,0,3.2814,170.5197,5.6358,1]},
{"frame":172,"values":[0.9935,-0.0479,-0.1029,0,0.0537,0.9971,0.0548,0,-0.0999,0.0599,-0.9932,0,3.2584,170.5224,5.5933,1]},
{"frame":173,"values":[0.9935,-0.0477,-0.1029,0,0.0536,0.997,0.0553,0,-0.1,0.0604,-0.9932,0,3.234,170.524,5.5504,1]},
{"frame":174,"values":[0.9936,-0.0476,-0.1029,0,0.0535,0.997,0.0558,0,-0.0999,0.0609,-0.9931,0,3.2111,170.5249,5.5113,1]},
{"frame":175,"values":[0.9936,-0.0474,-0.1028,0,0.0534,0.997,0.0563,0,-0.0998,0.0614,-0.9931,0,3.1901,170.5252,5.4776,1]},
{"frame":176,"values":[0.9936,-0.0473,-0.1025,0,0.0533,0.997,0.0568,0,-0.0995,0.0619,-0.9931,0,3.17,170.526,5.45,1]},
{"frame":177,"values":[0.9937,-0.0471,-0.1021,0,0.0531,0.9969,0.0574,0,-0.0991,0.0624,-0.9931,0,3.1501,170.5271,5.428,1]},
{"frame":178,"values":[0.9937,-0.0469,-0.1014,0,0.0529,0.9969,0.058,0,-0.0984,0.063,-0.9932,0,3.1307,170.5287,5.4103,1]},
{"frame":179,"values":[0.9938,-0.0466,-0.1006,0,0.0526,0.9969,0.0586,0,-0.0975,0.0635,-0.9932,0,3.1124,170.5312,5.3959,1]},
{"frame":180,"values":[0.994,-0.0462,-0.0996,0,0.0523,0.9969,0.0591,0,-0.0965,0.0639,-0.9933,0,3.0961,170.5342,5.3863,1]},
{"frame":181,"values":[0.9941,-0.0459,-0.0984,0,0.0519,0.9969,0.0595,0,-0.0954,0.0642,-0.9934,0,3.0808,170.5364,5.3836,1]},
{"frame":182,"values":[0.9942,-0.0456,-0.0971,0,0.0516,0.9969,0.0598,0,-0.0941,0.0645,-0.9935,0,3.0633,170.5359,5.386,1]},
{"frame":183,"values":[0.9944,-0.0454,-0.0957,0,0.0513,0.9969,0.0601,0,-0.0927,0.0647,-0.9936,0,3.0427,170.5332,5.391,1]},
{"frame":184,"values":[0.9945,-0.0452,-0.0943,0,0.051,0.9969,0.0605,0,-0.0913,0.065,-0.9937,0,3.0205,170.5295,5.398,1]},
{"frame":185,"values":[0.9946,-0.045,-0.093,0,0.0507,0.9969,0.0608,0,-0.09,0.0652,-0.9938,0,2.9969,170.5266,5.4069,1]},
{"frame":186,"values":[0.9948,-0.0448,-0.0919,0,0.0505,0.9968,0.0612,0,-0.0889,0.0655,-0.9939,0,2.9707,170.5245,5.4162,1]},
{"frame":187,"values":[0.9949,-0.0446,-0.091,0,0.0503,0.9968,0.0614,0,-0.088,0.0657,-0.994,0,2.9418,170.5226,5.4231,1]},
{"frame":188,"values":[0.9949,-0.0444,-0.0902,0,0.0501,0.9968,0.0617,0,-0.0872,0.0659,-0.994,0,2.911,170.5218,5.4263,1]},
{"frame":189,"values":[0.995,-0.0442,-0.0896,0,0.0499,0.9968,0.0619,0,-0.0866,0.0661,-0.994,0,2.8776,170.5228,5.4272,1]},
{"frame":190,"values":[0.995,-0.0441,-0.0892,0,0.0498,0.9968,0.0621,0,-0.0862,0.0662,-0.9941,0,2.8413,170.5248,5.4273,1]},
{"frame":191,"values":[0.9951,-0.044,-0.0889,0,0.0496,0.9968,0.0622,0,-0.0859,0.0663,-0.9941,0,2.8055,170.5255,5.4271,1]},
{"frame":192,"values":[0.9951,-0.0439,-0.0886,0,0.0495,0.9968,0.0622,0,-0.0856,0.0662,-0.9941,0,2.7742,170.5245,5.4248,1]},
{"frame":193,"values":[0.9951,-0.0438,-0.0886,0,0.0494,0.9968,0.0621,0,-0.0856,0.0662,-0.9941,0,2.7471,170.5246,5.4184,1]},
{"frame":194,"values":[0.9951,-0.0436,-0.0888,0,0.0492,0.9969,0.0621,0,-0.0859,0.0661,-0.9941,0,2.7224,170.5277,5.4073,1]},
{"frame":195,"values":[0.9951,-0.0435,-0.0892,0,0.0491,0.9969,0.0621,0,-0.0863,0.0662,-0.9941,0,2.701,170.5336,5.3923,1]},
{"frame":196,"values":[0.995,-0.0434,-0.0896,0,0.049,0.9969,0.0622,0,-0.0867,0.0663,-0.994,0,2.6836,170.5393,5.3755,1]},
{"frame":197,"values":[0.995,-0.0432,-0.09,0,0.0489,0.9969,0.0623,0,-0.087,0.0664,-0.994,0,2.6692,170.5439,5.359,1]},
{"frame":198,"values":[0.995,-0.043,-0.0903,0,0.0488,0.9969,0.0625,0,-0.0874,0.0666,-0.9939,0,2.6571,170.5478,5.3426,1]},
{"frame":199,"values":[0.9949,-0.0429,-0.0907,0,0.0487,0.9968,0.0627,0,-0.0878,0.0668,-0.9939,0,2.6479,170.5507,5.3258,1]},
{"frame":200,"values":[0.9949,-0.0428,-0.0912,0,0.0486,0.9968,0.0629,0,-0.0882,0.067,-0.9938,0,2.6414,170.5526,5.3093,1]},
{"frame":201,"values":[0.9949,-0.0427,-0.0917,0,0.0486,0.9968,0.0631,0,-0.0887,0.0673,-0.9938,0,2.6362,170.5531,5.2939,1]},
{"frame":202,"values":[0.9948,-0.0426,-0.0923,0,0.0486,0.9968,0.0634,0,-0.0893,0.0675,-0.9937,0,2.631,170.5519,5.2798,1]},
{"frame":203,"values":[0.9948,-0.0426,-0.0927,0,0.0486,0.9968,0.0637,0,-0.0897,0.0678,-0.9937,0,2.6256,170.5491,5.2662,1]},
{"frame":204,"values":[0.9948,-0.0426,-0.093,0,0.0486,0.9968,0.0639,0,-0.09,0.0681,-0.9936,0,2.6211,170.5466,5.2526,1]},
{"frame":205,"values":[0.9947,-0.0426,-0.0934,0,0.0487,0.9967,0.0642,0,-0.0903,0.0684,-0.9936,0,2.62,170.5453,5.241,1]},
{"frame":206,"values":[0.9947,-0.0426,-0.0937,0,0.0488,0.9967,0.0646,0,-0.0907,0.0688,-0.9935,0,2.6223,170.5446,5.232,1]},
{"frame":207,"values":[0.9947,-0.0427,-0.0939,0,0.0489,0.9967,0.065,0,-0.0908,0.0693,-0.9935,0,2.6254,170.5428,5.2232,1]},
{"frame":208,"values":[0.9947,-0.0428,-0.0938,0,0.049,0.9966,0.0655,0,-0.0907,0.0697,-0.9934,0,2.6279,170.5386,5.2133,1]},
{"frame":209,"values":[0.9947,-0.0429,-0.0936,0,0.0492,0.9966,0.066,0,-0.0905,0.0702,-0.9934,0,2.6309,170.5326,5.2051,1]},
{"frame":210,"values":[0.9947,-0.043,-0.0934,0,0.0493,0.9966,0.0664,0,-0.0903,0.0707,-0.9934,0,2.6347,170.5272,5.2002,1]},
{"frame":211,"values":[0.9947,-0.0431,-0.0932,0,0.0494,0.9965,0.0669,0,-0.09,0.0712,-0.9934,0,2.6374,170.5225,5.1968,1]},
{"frame":212,"values":[0.9948,-0.0432,-0.0927,0,0.0495,0.9965,0.0674,0,-0.0894,0.0717,-0.9934,0,2.6364,170.5163,5.1924,1]},
{"frame":213,"values":[0.9948,-0.0432,-0.092,0,0.0496,0.9965,0.068,0,-0.0887,0.0722,-0.9934,0,2.6322,170.5077,5.1868,1]},
{"frame":214,"values":[0.9949,-0.0433,-0.0912,0,0.0496,0.9964,0.0687,0,-0.0879,0.0729,-0.9935,0,2.6274,170.4978,5.1825,1]},
{"frame":215,"values":[0.995,-0.0433,-0.0903,0,0.0497,0.9964,0.0694,0,-0.087,0.0735,-0.9935,0,2.6217,170.4873,5.181,1]},
{"frame":216,"values":[0.995,-0.0433,-0.0895,0,0.0497,0.9963,0.0701,0,-0.0861,0.0742,-0.9935,0,2.6117,170.4765,5.1804,1]},
{"frame":217,"values":[0.9951,-0.0433,-0.0885,0,0.0497,0.9963,0.0707,0,-0.0851,0.0747,-0.9936,0,2.5956,170.4657,5.1787,1]},
{"frame":218,"values":[0.9952,-0.0433,-0.0875,0,0.0496,0.9962,0.0712,0,-0.0841,0.0752,-0.9936,0,2.5726,170.4551,5.1741,1]},
{"frame":219,"values":[0.9953,-0.0433,-0.0864,0,0.0495,0.9962,0.0716,0,-0.083,0.0755,-0.9937,0,2.5434,170.4468,5.1647,1]},
{"frame":220,"values":[0.9954,-0.0432,-0.0853,0,0.0494,0.9962,0.0718,0,-0.0819,0.0757,-0.9938,0,2.5116,170.4428,5.1505,1]},
{"frame":221,"values":[0.9955,-0.0432,-0.0844,0,0.0493,0.9962,0.072,0,-0.0809,0.0758,-0.9938,0,2.4796,170.4415,5.1331,1]},
{"frame":222,"values":[0.9956,-0.0431,-0.0837,0,0.0492,0.9962,0.0721,0,-0.0803,0.0759,-0.9939,0,2.4482,170.4405,5.1128,1]},
{"frame":223,"values":[0.9956,-0.043,-0.0833,0,0.0491,0.9962,0.0723,0,-0.0799,0.0761,-0.9939,0,2.418,170.4394,5.0893,1]},
{"frame":224,"values":[0.9956,-0.0429,-0.0831,0,0.0489,0.9962,0.0725,0,-0.0797,0.0763,-0.9939,0,2.3884,170.4383,5.0632,1]},
{"frame":225,"values":[0.9956,-0.0427,-0.083,0,0.0487,0.9962,0.0728,0,-0.0795,0.0765,-0.9939,0,2.3554,170.4368,5.0349,1]},
{"frame":226,"values":[0.9957,-0.0425,-0.0827,0,0.0486,0.9961,0.0731,0,-0.0793,0.0768,-0.9939,0,2.3163,170.4351,5.0046,1]},
{"frame":227,"values":[0.9957,-0.0424,-0.0825,0,0.0485,0.9961,0.0733,0,-0.079,0.077,-0.9939,0,2.2738,170.4335,4.9726,1]},
{"frame":228,"values":[0.9957,-0.0422,-0.0823,0,0.0483,0.9961,0.0735,0,-0.0788,0.0772,-0.9939,0,2.2342,170.4323,4.9406,1]},
{"frame":229,"values":[0.9957,-0.042,-0.0822,0,0.0481,0.9961,0.0737,0,-0.0788,0.0773,-0.9939,0,2.2011,170.4328,4.9085,1]},
{"frame":230,"values":[0.9957,-0.0418,-0.0823,0,0.048,0.9961,0.0739,0,-0.0789,0.0775,-0.9939,0,2.1725,170.4361,4.8747,1]},
{"frame":231,"values":[0.9957,-0.0416,-0.0826,0,0.0478,0.9961,0.074,0,-0.0792,0.0776,-0.9938,0,2.1459,170.4411,4.8399,1]},
{"frame":232,"values":[0.9957,-0.0414,-0.0829,0,0.0476,0.9961,0.0741,0,-0.0795,0.0778,-0.9938,0,2.1236,170.4446,4.8105,1]},
{"frame":233,"values":[0.9957,-0.0412,-0.0833,0,0.0474,0.9961,0.0744,0,-0.0799,0.078,-0.9937,0,2.1086,170.4454,4.7919,1]},
{"frame":234,"values":[0.9957,-0.041,-0.0836,0,0.0473,0.9961,0.0748,0,-0.0802,0.0784,-0.9937,0,2.0991,170.4455,4.7834,1]},
{"frame":235,"values":[0.9956,-0.0408,-0.0839,0,0.0472,0.9961,0.0751,0,-0.0805,0.0788,-0.9936,0,2.0933,170.4489,4.7814,1]},
{"frame":236,"values":[0.9956,-0.0406,-0.0841,0,0.047,0.996,0.0753,0,-0.0807,0.079,-0.9936,0,2.0936,170.4563,4.784,1]},
{"frame":237,"values":[0.9956,-0.0404,-0.0843,0,0.0468,0.9961,0.0753,0,-0.0809,0.0789,-0.9936,0,2.1029,170.4652,4.7915,1]},
{"frame":238,"values":[0.9956,-0.0402,-0.0845,0,0.0466,0.9961,0.075,0,-0.0811,0.0786,-0.9936,0,2.1202,170.4719,4.8058,1]},
{"frame":239,"values":[0.9956,-0.04,-0.0847,0,0.0463,0.9961,0.0746,0,-0.0814,0.0782,-0.9936,0,2.1414,170.4761,4.828,1]},
{"frame":240,"values":[0.9956,-0.0398,-0.0848,0,0.0461,0.9962,0.0742,0,-0.0816,0.0778,-0.9936,0,2.1629,170.4799,4.8556,1]},
{"frame":241,"values":[0.9956,-0.0396,-0.085,0,0.0459,0.9962,0.0739,0,-0.0817,0.0774,-0.9936,0,2.1836,170.485,4.8856,1]},
{"frame":242,"values":[0.9956,-0.0394,-0.0851,0,0.0457,0.9962,0.0735,0,-0.0819,0.0771,-0.9937,0,2.2051,170.4904,4.917,1]},
{"frame":243,"values":[0.9956,-0.0393,-0.0853,0,0.0456,0.9963,0.0733,0,-0.0821,0.0768,-0.9937,0,2.2292,170.496,4.9483,1]},
{"frame":244,"values":[0.9956,-0.0391,-0.0855,0,0.0454,0.9963,0.073,0,-0.0823,0.0766,-0.9937,0,2.256,170.5025,4.9771,1]},
{"frame":245,"values":[0.9956,-0.039,-0.0857,0,0.0453,0.9963,0.0727,0,-0.0826,0.0763,-0.9937,0,2.2838,170.5105,5.003,1]},
{"frame":246,"values":[0.9955,-0.0389,-0.086,0,0.0452,0.9964,0.0723,0,-0.0828,0.0759,-0.9937,0,2.3105,170.5181,5.0287,1]},
{"frame":247,"values":[0.9955,-0.0389,-0.0863,0,0.0452,0.9964,0.0719,0,-0.0832,0.0755,-0.9937,0,2.3351,170.5244,5.0554,1]},
{"frame":248,"values":[0.9955,-0.0389,-0.0866,0,0.0451,0.9964,0.0714,0,-0.0835,0.075,-0.9937,0,2.3593,170.5313,5.0794,1]},
{"frame":249,"values":[0.9955,-0.0388,-0.087,0,0.045,0.9965,0.0708,0,-0.0839,0.0744,-0.9937,0,2.3859,170.5409,5.0985,1]},
{"frame":250,"values":[0.9954,-0.0388,-0.0873,0,0.045,0.9965,0.0701,0,-0.0843,0.0737,-0.9937,0,2.415,170.5515,5.1153,1]},
{"frame":251,"values":[0.9954,-0.0388,-0.0876,0,0.045,0.9966,0.0695,0,-0.0846,0.0731,-0.9937,0,2.4446,170.5614,5.1302,1]},
{"frame":252,"values":[0.9954,-0.0389,-0.0879,0,0.045,0.9966,0.069,0,-0.0849,0.0726,-0.9937,0,2.4746,170.5723,5.1379,1]},
{"frame":253,"values":[0.9953,-0.0388,-0.0883,0,0.0449,0.9966,0.0686,0,-0.0853,0.0722,-0.9937,0,2.5071,170.5854,5.1353,1]},
{"frame":254,"values":[0.9953,-0.0386,-0.0888,0,0.0448,0.9966,0.0684,0,-0.0858,0.0721,-0.9937,0,2.5416,170.5978,5.1277,1]},
{"frame":255,"values":[0.9953,-0.0385,-0.0893,0,0.0447,0.9967,0.0685,0,-0.0863,0.0721,-0.9937,0,2.5743,170.6066,5.1219,1]},
{"frame":256,"values":[0.9952,-0.0384,-0.0897,0,0.0447,0.9966,0.0686,0,-0.0867,0.0723,-0.9936,0,2.6013,170.612,5.1187,1]},
{"frame":257,"values":[0.9952,-0.0384,-0.0899,0,0.0447,0.9966,0.0689,0,-0.0869,0.0725,-0.9936,0,2.6226,170.616,5.114,1]},
{"frame":258,"values":[0.9952,-0.0384,-0.09,0,0.0447,0.9966,0.0691,0,-0.087,0.0728,-0.9935,0,2.6417,170.6195,5.1059,1]},
{"frame":259,"values":[0.9952,-0.0383,-0.0901,0,0.0446,0.9966,0.0693,0,-0.0871,0.073,-0.9935,0,2.6614,170.623,5.0961,1]},
{"frame":260,"values":[0.9952,-0.0382,-0.0903,0,0.0446,0.9966,0.0696,0,-0.0873,0.0733,-0.9935,0,2.6811,170.627,5.0867,1]},
{"frame":261,"values":[0.9952,-0.0382,-0.0905,0,0.0446,0.9966,0.0698,0,-0.0876,0.0734,-0.9934,0,2.6985,170.6307,5.0792,1]},
{"frame":262,"values":[0.9951,-0.0382,-0.0907,0,0.0446,0.9966,0.0698,0,-0.0877,0.0735,-0.9934,0,2.7123,170.6328,5.0753,1]},
{"frame":263,"values":[0.9951,-0.0382,-0.0908,0,0.0447,0.9966,0.0698,0,-0.0878,0.0735,-0.9934,0,2.7239,170.6335,5.0756,1]},
{"frame":264,"values":[0.9951,-0.0383,-0.0909,0,0.0447,0.9966,0.0697,0,-0.0879,0.0734,-0.9934,0,2.7349,170.6346,5.0779,1]},
{"frame":265,"values":[0.9951,-0.0383,-0.0909,0,0.0447,0.9966,0.0696,0,-0.0879,0.0733,-0.9934,0,2.7449,170.6358,5.0808,1]},
{"frame":266,"values":[0.9951,-0.0384,-0.0909,0,0.0448,0.9966,0.0695,0,-0.0879,0.0732,-0.9934,0,2.7524,170.6362,5.0833,1]},
{"frame":267,"values":[0.9951,-0.0384,-0.0909,0,0.0448,0.9966,0.0694,0,-0.0879,0.0731,-0.9934,0,2.7577,170.6372,5.0837,1]},
{"frame":268,"values":[0.9951,-0.0385,-0.0909,0,0.0449,0.9966,0.0692,0,-0.0879,0.0729,-0.9935,0,2.7616,170.6389,5.0814,1]},
{"frame":269,"values":[0.9951,-0.0386,-0.0909,0,0.045,0.9966,0.069,0,-0.0879,0.0727,-0.9935,0,2.7646,170.6388,5.0785,1]},
{"frame":270,"values":[0.9951,-0.0387,-0.091,0,0.0451,0.9966,0.0688,0,-0.088,0.0725,-0.9935,0,2.7658,170.6349,5.0777,1]},
{"frame":271,"values":[0.9951,-0.0389,-0.091,0,0.0452,0.9966,0.0686,0,-0.088,0.0724,-0.9935,0,2.7631,170.629,5.0788,1]},
{"frame":272,"values":[0.9951,-0.0391,-0.0909,0,0.0454,0.9966,0.0685,0,-0.0879,0.0723,-0.9935,0,2.7552,170.6238,5.0796,1]},
{"frame":273,"values":[0.9951,-0.0393,-0.0908,0,0.0456,0.9966,0.0684,0,-0.0878,0.0722,-0.9935,0,2.7437,170.6189,5.0782,1]},
{"frame":274,"values":[0.9951,-0.0395,-0.0907,0,0.0458,0.9966,0.0684,0,-0.0877,0.0722,-0.9935,0,2.7319,170.614,5.0739,1]},
{"frame":275,"values":[0.9951,-0.0396,-0.0906,0,0.0459,0.9966,0.0684,0,-0.0876,0.0722,-0.9935,0,2.7212,170.6092,5.067,1]},
{"frame":276,"values":[0.9951,-0.0398,-0.0907,0,0.046,0.9966,0.0683,0,-0.0876,0.0721,-0.9935,0,2.7089,170.6042,5.0582,1]},
{"frame":277,"values":[0.9951,-0.0399,-0.0908,0,0.0462,0.9966,0.068,0,-0.0877,0.0719,-0.9935,0,2.6925,170.5986,5.0501,1]},
{"frame":278,"values":[0.9951,-0.0401,-0.0909,0,0.0463,0.9966,0.0677,0,-0.0879,0.0716,-0.9936,0,2.6732,170.5934,5.0439,1]},
{"frame":279,"values":[0.995,-0.0403,-0.0911,0,0.0465,0.9966,0.0673,0,-0.0881,0.0712,-0.9936,0,2.6542,170.5897,5.0378,1]},
{"frame":280,"values":[0.995,-0.0404,-0.0914,0,0.0467,0.9967,0.0669,0,-0.0884,0.0708,-0.9936,0,2.637,170.5875,5.0286,1]},
{"frame":281,"values":[0.9949,-0.0406,-0.0919,0,0.0468,0.9967,0.0664,0,-0.0889,0.0704,-0.9936,0,2.6208,170.5854,5.0152,1]},
{"frame":282,"values":[0.9949,-0.0407,-0.0923,0,0.0469,0.9967,0.066,0,-0.0893,0.07,-0.9935,0,2.606,170.5832,4.9997,1]},
{"frame":283,"values":[0.9949,-0.0408,-0.0928,0,0.047,0.9967,0.0656,0,-0.0898,0.0696,-0.9935,0,2.5934,170.5818,4.9836,1]},
{"frame":284,"values":[0.9948,-0.0409,-0.0931,0,0.0471,0.9968,0.0653,0,-0.0902,0.0693,-0.9935,0,2.5814,170.5815,4.9665,1]},
{"frame":285,"values":[0.9948,-0.041,-0.0934,0,0.0471,0.9968,0.065,0,-0.0905,0.0691,-0.9935,0,2.5689,170.5819,4.9478,1]},
{"frame":286,"values":[0.9948,-0.041,-0.0937,0,0.0472,0.9968,0.0648,0,-0.0907,0.0688,-0.9935,0,2.5569,170.5827,4.9275,1]},
{"frame":287,"values":[0.9947,-0.041,-0.094,0,0.0471,0.9968,0.0644,0,-0.0911,0.0685,-0.9935,0,2.5469,170.585,4.9052,1]},
{"frame":288,"values":[0.9947,-0.0409,-0.0944,0,0.0471,0.9968,0.064,0,-0.0915,0.0681,-0.9935,0,2.5391,170.5885,4.8813,1]},
{"frame":289,"values":[0.9947,-0.0408,-0.0948,0,0.047,0.9969,0.0636,0,-0.0919,0.0677,-0.9935,0,2.5329,170.5923,4.8582,1]},
{"frame":290,"values":[0.9946,-0.0408,-0.0952,0,0.0469,0.9969,0.0632,0,-0.0923,0.0674,-0.9934,0,2.5266,170.5959,4.8386,1]},
{"frame":291,"values":[0.9946,-0.0408,-0.0954,0,0.0469,0.9969,0.0628,0,-0.0926,0.0669,-0.9935,0,2.5187,170.5984,4.8224,1]},
{"frame":292,"values":[0.9946,-0.0408,-0.0956,0,0.0469,0.997,0.0624,0,-0.0928,0.0665,-0.9935,0,2.5098,170.5998,4.8065,1]},
