{"producer":{"name":"Blender","version":"2.81 (sub 16)","exporter_version":"6.2.4","file":"Character.babylon"},
"autoClear":true,"clearColor":[0.0509,0.0509,0.0509],"gravity":[0,-9.81,0],
"materials":[{"name":"Head_back","id":"Head_back","customType":"BABYLON.PBRMaterial","backFaceCulling":true,"checkReadyOnlyOnce":false,"maxSimultaneousLights":12,"environmentIntensity":1,"albedo":[0.0607,0.0607,0.0607],"reflectivity":[0.5,0.5,0.5],"roughness":0.5,"alpha":1,"transparencyMode":0,"alphaCutOff":0.4,"metallic":0},
{"name":"Pantalon","id":"Pantalon","customType":"BABYLON.PBRMaterial","backFaceCulling":true,"checkReadyOnlyOnce":false,"maxSimultaneousLights":12,"environmentIntensity":1,"albedo":[0.1789,0.1789,0.1789],"reflectivity":[0.5,0.5,0.5],"roughness":0.5,"alpha":1,"transparencyMode":0,"alphaCutOff":0.4,"metallic":0},
{"name":"Costume_baked","id":"Costume_baked","customType":"BABYLON.PBRMaterial","backFaceCulling":true,"checkReadyOnlyOnce":false,"maxSimultaneousLights":12,"environmentIntensity":1,"albedo":[0.1473,0.0721,0.0306],"reflectivity":[0.5,0.5,0.5],"roughness":0.5,"alpha":1,"transparencyMode":0,"alphaCutOff":0.4,"metallic":0},
{"name":"Chemise","id":"Chemise","customType":"BABYLON.PBRMaterial","backFaceCulling":true,"checkReadyOnlyOnce":false,"maxSimultaneousLights":12,"environmentIntensity":1,"albedo":[0.0582,0.117,0.1473],"reflectivity":[0.5,0.5,0.5],"roughness":0.5,"alpha":1,"transparencyMode":0,"alphaCutOff":0.4,"metallic":0},
{"name":"Shirt","id":"Shirt","customType":"BABYLON.PBRMaterial","backFaceCulling":true,"checkReadyOnlyOnce":false,"maxSimultaneousLights":12,"environmentIntensity":1,"albedo":[0,0,0],"reflectivity":[0.5,0.5,0.5],"roughness":0.5,"alpha":1,"transparencyMode":0,"alphaCutOff":0.4,"metallic":0},
{"name":"Anneau_baked","id":"Anneau_baked","customType":"BABYLON.PBRMaterial","backFaceCulling":true,"checkReadyOnlyOnce":false,"maxSimultaneousLights":4,"environmentIntensity":1,"albedo":[0.0021,0.0021,0.0021],"reflectivity":[0.5,0.5,0.5],"roughness":0.5,"alpha":1,"transparencyMode":0,"alphaCutOff":0.4,"metallic":0},
{"name":"Eye2","id":"Eye2","customType":"BABYLON.PBRMaterial","backFaceCulling":true,"checkReadyOnlyOnce":false,"maxSimultaneousLights":4,"environmentIntensity":1,"albedo":[0.8,0.8,0.8],"reflectivity":[0.5,0.5,0.5],"roughness":0.4,"alpha":1,"transparencyMode":0,"alphaCutOff":0.4,"metallic":0},
{"name":"Gant","id":"Gant","customType":"BABYLON.PBRMaterial","backFaceCulling":true,"checkReadyOnlyOnce":false,"maxSimultaneousLights":12,"environmentIntensity":1,"albedo":[0,0,0],"reflectivity":[0.5,0.5,0.5],"roughness":0.5,"alpha":1,"transparencyMode":0,"alphaCutOff":0.4,"metallic":0},
{"name":"Chaussure_gauche_baked","id":"Chaussure_gauche_baked","customType":"BABYLON.PBRMaterial","backFaceCulling":true,"checkReadyOnlyOnce":false,"maxSimultaneousLights":12,"environmentIntensity":1,"albedo":[0.0026,0.0026,0.0026],"reflectivity":[0.5,0.5,0.5],"roughness":0.5,"alpha":1,"transparencyMode":0,"alphaCutOff":0.4,"metallic":0},
{"name":"Chaussure_semelle","id":"Chaussure_semelle","customType":"BABYLON.PBRMaterial","backFaceCulling":true,"checkReadyOnlyOnce":false,"maxSimultaneousLights":4,"environmentIntensity":1,"albedo":[0.0607,0.0244,0.0083],"reflectivity":[0.5,0.5,0.5],"roughness":0.5,"alpha":1,"transparencyMode":0,"alphaCutOff":0.4,"metallic":0},
{"name":"Chaussure_droite_baked","id":"Chaussure_droite_baked","customType":"BABYLON.PBRMaterial","backFaceCulling":true,"checkReadyOnlyOnce":false,"maxSimultaneousLights":12,"environmentIntensity":1,"albedo":[0.0026,0.0026,0.0026],"reflectivity":[0.5,0.5,0.5],"roughness":0.5,"alpha":1,"transparencyMode":0,"alphaCutOff":0.4,"metallic":0},
{"name":"Head_front_baked","id":"Head_front_baked","customType":"BABYLON.PBRMaterial","backFaceCulling":true,"checkReadyOnlyOnce":false,"maxSimultaneousLights":12,"environmentIntensity":1,"albedo":[0.9551,0.9114,1],"reflectivity":[0.5,0.5,0.5],"roughness":0.5,"alpha":1,"transparencyMode":0,"alphaCutOff":0.4,"metallic":0},
{"name":"head_face2","id":"head_face2","customType":"BABYLON.PBRMaterial","backFaceCulling":true,"checkReadyOnlyOnce":false,"maxSimultaneousLights":4,"environmentIntensity":1,"albedo":[0,0,0],"reflectivity":[0.5,0.5,0.5],"roughness":0.5,"alpha":1,"transparencyMode":0,"alphaCutOff":0.4,"metallic":0},
{"name":"Béret","id":"Béret","customType":"BABYLON.PBRMaterial","backFaceCulling":true,"checkReadyOnlyOnce":false,"maxSimultaneousLights":12,"environmentIntensity":1,"albedo":[0.0908,0.0368,0.0052],"reflectivity":[0.5,0.5,0.5],"roughness":0.5,"alpha":1,"transparencyMode":0,"alphaCutOff":0.4,"metallic":0}],
"multiMaterials":[{"name":"Character.Multimaterial#0","id":"Character.Multimaterial#0","materials":["Costume_baked","Chemise","Shirt"]},{"name":"Character.Multimaterial#1","id":"Character.Multimaterial#1","materials":["Anneau_baked","Eye2"]},{"name":"Character.Multimaterial#2","id":"Character.Multimaterial#2","materials":["Chaussure_gauche_baked","Chaussure_semelle"]},{"name":"Character.Multimaterial#3","id":"Character.Multimaterial#3","materials":["Chaussure_droite_baked","Chaussure_semelle"]},{"name":"Character.Multimaterial#4","id":"Character.Multimaterial#4","materials":["Head_front_baked","head_face2"]}],
"skeletons":[{"name":"Character","id":0,"dimensionsAtRest":[486.0527,577.0355,88.9795],"bones":[
{"name":"mixamorig:Hips","index":0,"matrix":[1,0,0,0,0,1,0,0,0,0,-1,0,-0.0001,227.2539,4.0874,1],"rest":[1,0,0,0,0,1,0,0,0,0,-1,0,0.1209,227.3468,3.8307,1],"parentBoneIndex":-1,"length":30.1334
,"animation":{"dataType":3,"framePerSecond":30,"keys":[
{"frame":1,"values":[0.9941,-0.0526,-0.0946,0,0.0584,0.9965,0.06,0,-0.0911,0.0652,-0.9937,0,1.359,225.4337,8.2363,1]},
{"frame":2,"values":[0.9941,-0.0526,-0.0946,0,0.0584,0.9965,0.0597,0,-0.0911,0.0649,-0.9937,0,1.3608,225.4367,8.2311,1]},
{"frame":3,"values":[0.9941,-0.0526,-0.0947,0,0.0584,0.9965,0.0595,0,-0.0913,0.0647,-0.9937,0,1.3636,225.4407,8.2187,1]},
{"frame":4,"values":[0.9941,-0.0526,-0.0949,0,0.0584,0.9965,0.0593,0,-0.0915,0.0645,-0.9937,0,1.3682,225.4454,8.2009,1]},
{"frame":5,"values":[0.9941,-0.0526,-0.0953,0,0.0584,0.9965,0.0592,0,-0.0918,0.0644,-0.9937,0,1.3735,225.4509,8.1806,1]},
{"frame":6,"values":[0.994,-0.0526,-0.0959,0,0.0584,0.9965,0.0591,0,-0.0924,0.0644,-0.9936,0,1.3788,225.4566,8.1593,1]},
{"frame":7,"values":[0.9939,-0.0526,-0.0966,0,0.0584,0.9965,0.059,0,-0.0932,0.0643,-0.9936,0,1.3847,225.4615,8.1385,1]},
{"frame":8,"values":[0.9939,-0.0526,-0.0974,0,0.0585,0.9966,0.0588,0,-0.0939,0.0642,-0.9935,0,1.3908,225.464,8.1186,1]},
{"frame":9,"values":[0.9938,-0.0526,-0.0981,0,0.0585,0.9966,0.0587,0,-0.0947,0.0641,-0.9934,0,1.3966,225.4642,8.0991,1]},
{"frame":10,"values":[0.9937,-0.0526,-0.0988,0,0.0586,0.9966,0.0587,0,-0.0954,0.0641,-0.9934,0,1.4024,225.466,8.0788,1]},
{"frame":11,"values":[0.9936,-0.0527,-0.0995,0,0.0587,0.9966,0.0585,0,-0.0961,0.064,-0.9933,0,1.4096,225.4719,8.0576,1]},
{"frame":12,"values":[0.9936,-0.0528,-0.1002,0,0.0588,0.9966,0.0583,0,-0.0968,0.0638,-0.9933,0,1.4177,225.4792,8.0362,1]},
{"frame":13,"values":[0.9935,-0.0528,-0.1009,0,0.0589,0.9966,0.0579,0,-0.0975,0.0635,-0.9932,0,1.4245,225.4829,8.0156,1]},
{"frame":14,"values":[0.9934,-0.0529,-0.1015,0,0.0589,0.9966,0.0576,0,-0.0981,0.0632,-0.9932,0,1.4288,225.483,7.9965,1]},
{"frame":15,"values":[0.9934,-0.053,-0.102,0,0.059,0.9966,0.0574,0,-0.0986,0.063,-0.9931,0,1.4295,225.4818,7.9786,1]},
{"frame":16,"values":[0.9933,-0.0531,-0.1025,0,0.0592,0.9966,0.0572,0,-0.0991,0.0629,-0.9931,0,1.4244,225.481,7.9623,1]},
{"frame":17,"values":[0.9933,-0.0533,-0.1029,0,0.0594,0.9966,0.057,0,-0.0995,0.0627,-0.9931,0,1.4128,225.4799,7.948,1]},
{"frame":18,"values":[0.9932,-0.0535,-0.1031,0,0.0596,0.9966,0.0566,0,-0.0997,0.0624,-0.9931,0,1.3965,225.4778,7.9339,1]},
{"frame":19,"values":[0.9932,-0.0536,-0.1032,0,0.0597,0.9966,0.0562,0,-0.0998,0.0619,-0.9931,0,1.3791,225.4763,7.9169,1]},
{"frame":20,"values":[0.9932,-0.0538,-0.1032,0,0.0598,0.9967,0.0558,0,-0.0999,0.0616,-0.9931,0,1.3622,225.4767,7.8972,1]},
{"frame":21,"values":[0.9932,-0.0539,-0.1033,0,0.0599,0.9967,0.0555,0,-0.1,0.0613,-0.9931,0,1.3442,225.4787,7.8769,1]},
{"frame":22,"values":[0.9932,-0.054,-0.1033,0,0.06,0.9967,0.0552,0,-0.1,0.061,-0.9931,0,1.3229,225.4811,7.8552,1]},
{"frame":23,"values":[0.9932,-0.0541,-0.1032,0,0.06,0.9967,0.0547,0,-0.0999,0.0606,-0.9932,0,1.2986,225.483,7.8289,1]},
{"frame":24,"values":[0.9932,-0.0541,-0.1031,0,0.0599,0.9967,0.0542,0,-0.0998,0.06,-0.9932,0,1.2749,225.485,7.7965,1]},
{"frame":25,"values":[0.9932,-0.0541,-0.1032,0,0.0599,0.9968,0.0537,0,-0.0999,0.0595,-0.9932,0,1.254,225.4895,7.7573,1]},
{"frame":26,"values":[0.9932,-0.0541,-0.1034,0,0.0599,0.9968,0.0534,0,-0.1001,0.0592,-0.9932,0,1.2355,225.4968,7.7117,1]},
{"frame":27,"values":[0.9932,-0.054,-0.1035,0,0.0597,0.9968,0.0532,0,-0.1003,0.059,-0.9932,0,1.2181,225.504,7.6627,1]},
{"frame":28,"values":[0.9932,-0.0537,-0.1034,0,0.0595,0.9968,0.0532,0,-0.1002,0.0589,-0.9932,0,1.2009,225.5067,7.6151,1]},
{"frame":29,"values":[0.9932,-0.0535,-0.1033,0,0.0592,0.9968,0.0533,0,-0.1001,0.059,-0.9932,0,1.1823,225.5046,7.5715,1]},
{"frame":30,"values":[0.9932,-0.0532,-0.1031,0,0.059,0.9968,0.0535,0,-0.0999,0.0592,-0.9932,0,1.1601,225.5023,7.5279,1]},
{"frame":31,"values":[0.9933,-0.053,-0.1029,0,0.0588,0.9968,0.0538,0,-0.0997,0.0595,-0.9932,0,1.1328,225.5029,7.4781,1]},
{"frame":32,"values":[0.9933,-0.0528,-0.1028,0,0.0586,0.9968,0.0543,0,-0.0996,0.0599,-0.9932,0,1.1012,225.5044,7.4216,1]},
{"frame":33,"values":[0.9933,-0.0526,-0.1029,0,0.0584,0.9968,0.0548,0,-0.0997,0.0604,-0.9932,0,1.0682,225.5041,7.3648,1]},
{"frame":34,"values":[0.9933,-0.0524,-0.1029,0,0.0583,0.9968,0.0553,0,-0.0996,0.0609,-0.9932,0,1.0368,225.5023,7.3134,1]},
{"frame":35,"values":[0.9933,-0.0522,-0.1027,0,0.0582,0.9967,0.0558,0,-0.0995,0.0614,-0.9931,0,1.0074,225.5,7.2693,1]},
{"frame":36,"values":[0.9934,-0.052,-0.1025,0,0.058,0.9967,0.0563,0,-0.0992,0.0619,-0.9931,0,0.9787,225.4969,7.2334,1]},
{"frame":37,"values":[0.9934,-0.0518,-0.1021,0,0.0578,0.9967,0.0569,0,-0.0988,0.0624,-0.9932,0,0.9499,225.4932,7.2053,1]},
{"frame":38,"values":[0.9935,-0.0515,-0.1014,0,0.0575,0.9967,0.0575,0,-0.0981,0.063,-0.9932,0,0.9209,225.4893,7.1828,1]},
{"frame":39,"values":[0.9936,-0.0511,-0.1005,0,0.0572,0.9967,0.0581,0,-0.0972,0.0635,-0.9932,0,0.8927,225.4867,7.1646,1]},
{"frame":40,"values":[0.9937,-0.0507,-0.0995,0,0.0567,0.9967,0.0586,0,-0.0962,0.0639,-0.9933,0,0.8665,225.485,7.1527,1]},
{"frame":41,"values":[0.9939,-0.0503,-0.0984,0,0.0563,0.9967,0.059,0,-0.0951,0.0642,-0.9934,0,0.8414,225.4817,7.1499,1]},
{"frame":42,"values":[0.994,-0.0499,-0.0971,0,0.0559,0.9967,0.0594,0,-0.0938,0.0645,-0.9935,0,0.8131,225.4743,7.1541,1]},
{"frame":43,"values":[0.9942,-0.0497,-0.0957,0,0.0555,0.9967,0.0597,0,-0.0924,0.0647,-0.9936,0,0.7803,225.4637,7.1621,1]},
{"frame":44,"values":[0.9943,-0.0494,-0.0943,0,0.0552,0.9967,0.0601,0,-0.091,0.0649,-0.9937,0,0.7454,225.4526,7.1726,1]},
{"frame":45,"values":[0.9945,-0.0491,-0.093,0,0.0549,0.9967,0.0605,0,-0.0897,0.0652,-0.9938,0,0.7089,225.443,7.1853,1]},
{"frame":46,"values":[0.9946,-0.0488,-0.0919,0,0.0546,0.9967,0.0608,0,-0.0886,0.0655,-0.9939,0,0.6695,225.4348,7.1985,1]},
{"frame":47,"values":[0.9947,-0.0486,-0.091,0,0.0543,0.9967,0.0611,0,-0.0877,0.0657,-0.994,0,0.6267,225.4268,7.2086,1]},
{"frame":48,"values":[0.9947,-0.0484,-0.0902,0,0.054,0.9967,0.0613,0,-0.087,0.0659,-0.994,0,0.582,225.4205,7.2139,1]},
{"frame":49,"values":[0.9948,-0.0482,-0.0897,0,0.0538,0.9967,0.0616,0,-0.0864,0.0661,-0.9941,0,0.5348,225.4174,7.2163,1]},
{"frame":50,"values":[0.9949,-0.048,-0.0892,0,0.0536,0.9966,0.0618,0,-0.086,0.0662,-0.9941,0,0.4847,225.4153,7.2179,1]},
{"frame":51,"values":[0.9949,-0.0479,-0.0889,0,0.0535,0.9967,0.0619,0,-0.0856,0.0663,-0.9941,0,0.4351,225.4128,7.2185,1]},
{"frame":52,"values":[0.9949,-0.0477,-0.0887,0,0.0533,0.9967,0.0618,0,-0.0854,0.0662,-0.9941,0,0.3908,225.4107,7.2159,1]},
{"frame":53,"values":[0.9949,-0.0476,-0.0886,0,0.0532,0.9967,0.0618,0,-0.0854,0.0662,-0.9941,0,0.3517,225.4097,7.2082,1]},
{"frame":54,"values":[0.9949,-0.0474,-0.0889,0,0.053,0.9967,0.0617,0,-0.0856,0.0661,-0.9941,0,0.3172,225.4106,7.1944,1]},
{"frame":55,"values":[0.9949,-0.0473,-0.0893,0,0.0529,0.9967,0.0618,0,-0.0861,0.0662,-0.9941,0,0.2885,225.4135,7.1755,1]},
{"frame":56,"values":[0.9949,-0.0471,-0.0897,0,0.0528,0.9967,0.0619,0,-0.0865,0.0663,-0.994,0,0.2657,225.4168,7.1543,1]},
{"frame":57,"values":[0.9948,-0.0469,-0.09,0,0.0526,0.9967,0.062,0,-0.0868,0.0664,-0.994,0,0.2466,225.4195,7.1333,1]},
{"frame":58,"values":[0.9948,-0.0467,-0.0904,0,0.0524,0.9967,0.0622,0,-0.0872,0.0666,-0.994,0,0.2299,225.4211,7.1124,1]},
{"frame":59,"values":[0.9948,-0.0465,-0.0908,0,0.0523,0.9967,0.0624,0,-0.0876,0.0668,-0.9939,0,0.2175,225.4214,7.0908,1]},
{"frame":60,"values":[0.9947,-0.0464,-0.0912,0,0.0522,0.9967,0.0626,0,-0.088,0.067,-0.9939,0,0.2093,225.4208,7.0694,1]},
{"frame":61,"values":[0.9947,-0.0463,-0.0918,0,0.0522,0.9967,0.0628,0,-0.0885,0.0673,-0.9938,0,0.203,225.4194,7.0493,1]},
{"frame":62,"values":[0.9947,-0.0462,-0.0923,0,0.0521,0.9966,0.0631,0,-0.0891,0.0675,-0.9937,0,0.1967,225.4164,7.0305,1]},
{"frame":63,"values":[0.9946,-0.0462,-0.0927,0,0.0522,0.9966,0.0633,0,-0.0895,0.0678,-0.9937,0,0.1897,225.4122,7.0119,1]},
{"frame":64,"values":[0.9946,-0.0462,-0.093,0,0.0522,0.9966,0.0636,0,-0.0898,0.0681,-0.9936,0,0.1841,225.4086,6.9936,1]},
{"frame":65,"values":[0.9946,-0.0462,-0.0934,0,0.0523,0.9966,0.0639,0,-0.0901,0.0684,-0.9936,0,0.1835,225.4063,6.9783,1]},
{"frame":66,"values":[0.9945,-0.0462,-0.0938,0,0.0524,0.9966,0.0643,0,-0.0905,0.0688,-0.9935,0,0.1877,225.4047,6.9663,1]},
{"frame":67,"values":[0.9945,-0.0463,-0.0939,0,0.0525,0.9965,0.0647,0,-0.0906,0.0693,-0.9935,0,0.193,225.4029,6.9536,1]},
{"frame":68,"values":[0.9945,-0.0464,-0.0938,0,0.0526,0.9965,0.0652,0,-0.0905,0.0697,-0.9935,0,0.1969,225.3993,6.9393,1]},
{"frame":69,"values":[0.9945,-0.0465,-0.0937,0,0.0528,0.9964,0.0656,0,-0.0903,0.0702,-0.9934,0,0.2009,225.3934,6.9276,1]},
{"frame":70,"values":[0.9945,-0.0466,-0.0935,0,0.0529,0.9964,0.0661,0,-0.09,0.0707,-0.9934,0,0.2061,225.3869,6.921,1]},
{"frame":71,"values":[0.9946,-0.0467,-0.0932,0,0.0531,0.9964,0.0666,0,-0.0897,0.0712,-0.9934,0,0.2096,225.3804,6.9169,1]},
{"frame":72,"values":[0.9946,-0.0468,-0.0927,0,0.0532,0.9963,0.0671,0,-0.0892,0.0716,-0.9934,0,0.2074,225.372,6.911,1]},
{"frame":73,"values":[0.9947,-0.0469,-0.092,0,0.0533,0.9963,0.0677,0,-0.0885,0.0722,-0.9935,0,0.2,225.3605,6.9033,1]},
{"frame":74,"values":[0.9947,-0.047,-0.0912,0,0.0533,0.9962,0.0684,0,-0.0876,0.0729,-0.9935,0,0.1915,225.3467,6.8974,1]},
{"frame":75,"values":[0.9948,-0.047,-0.0904,0,0.0533,0.9962,0.0691,0,-0.0868,0.0735,-0.9935,0,0.1815,225.3319,6.8954,1]},
{"frame":76,"values":[0.9949,-0.047,-0.0895,0,0.0533,0.9961,0.0697,0,-0.0859,0.0742,-0.9935,0,0.1657,225.3169,6.8947,1]},
{"frame":77,"values":[0.995,-0.047,-0.0885,0,0.0533,0.9961,0.0703,0,-0.0849,0.0747,-0.9936,0,0.1413,225.3019,6.8927,1]},
{"frame":78,"values":[0.9951,-0.047,-0.0875,0,0.0533,0.9961,0.0709,0,-0.0838,0.0752,-0.9936,0,0.1075,225.2876,6.8869,1]},
{"frame":79,"values":[0.9952,-0.0469,-0.0864,0,0.0532,0.996,0.0713,0,-0.0827,0.0755,-0.9937,0,0.0652,225.2768,6.8746,1]},
{"frame":80,"values":[0.9953,-0.0469,-0.0853,0,0.053,0.996,0.0715,0,-0.0816,0.0757,-0.9938,0,0.0194,225.2722,6.8557,1]},
{"frame":81,"values":[0.9953,-0.0468,-0.0844,0,0.0529,0.996,0.0717,0,-0.0807,0.0758,-0.9939,0,-0.0262,225.2717,6.8324,1]},
{"frame":82,"values":[0.9954,-0.0468,-0.0837,0,0.0529,0.996,0.0718,0,-0.08,0.0759,-0.9939,0,-0.0701,225.2713,6.8052,1]},
{"frame":83,"values":[0.9954,-0.0467,-0.0834,0,0.0527,0.996,0.072,0,-0.0797,0.0761,-0.9939,0,-0.1117,225.27,6.7739,1]},
{"frame":84,"values":[0.9955,-0.0465,-0.0832,0,0.0526,0.996,0.0722,0,-0.0795,0.0763,-0.9939,0,-0.1528,225.2679,6.7394,1]},
{"frame":85,"values":[0.9955,-0.0463,-0.083,0,0.0524,0.996,0.0725,0,-0.0793,0.0765,-0.9939,0,-0.1986,225.2653,6.7023,1]},
{"frame":86,"values":[0.9955,-0.0461,-0.0828,0,0.0522,0.996,0.0728,0,-0.0791,0.0768,-0.9939,0,-0.2525,225.2627,6.662,1]},
{"frame":87,"values":[0.9955,-0.046,-0.0825,0,0.0521,0.996,0.073,0,-0.0788,0.077,-0.9939,0,-0.3109,225.2605,6.6197,1]},
{"frame":88,"values":[0.9956,-0.0458,-0.0823,0,0.0519,0.996,0.0732,0,-0.0786,0.0772,-0.9939,0,-0.3649,225.2587,6.5774,1]},
{"frame":89,"values":[0.9956,-0.0456,-0.0823,0,0.0517,0.996,0.0734,0,-0.0786,0.0773,-0.9939,0,-0.4099,225.2591,6.5351,1]},
{"frame":90,"values":[0.9956,-0.0454,-0.0824,0,0.0515,0.996,0.0736,0,-0.0787,0.0775,-0.9939,0,-0.4484,225.2628,6.4905,1]},
{"frame":91,"values":[0.9956,-0.0452,-0.0826,0,0.0513,0.996,0.0737,0,-0.0789,0.0776,-0.9939,0,-0.4839,225.2687,6.4449,1]},
{"frame":92,"values":[0.9955,-0.045,-0.0829,0,0.0512,0.996,0.0738,0,-0.0793,0.0777,-0.9938,0,-0.5138,225.2725,6.406,1]},
{"frame":93,"values":[0.9955,-0.0447,-0.0833,0,0.051,0.9959,0.0741,0,-0.0796,0.078,-0.9938,0,-0.534,225.2722,6.3816,1]},
{"frame":94,"values":[0.9955,-0.0445,-0.0836,0,0.0508,0.9959,0.0745,0,-0.08,0.0784,-0.9937,0,-0.5467,225.2708,6.3709,1]},
{"frame":95,"values":[0.9955,-0.0443,-0.0839,0,0.0506,0.9959,0.0748,0,-0.0802,0.0788,-0.9937,0,-0.5542,225.2733,6.3691,1]},
{"frame":96,"values":[0.9955,-0.0441,-0.0841,0,0.0505,0.9959,0.075,0,-0.0804,0.0789,-0.9936,0,-0.5536,225.2815,6.3735,1]},
{"frame":97,"values":[0.9955,-0.0439,-0.0843,0,0.0503,0.9959,0.075,0,-0.0807,0.0789,-0.9936,0,-0.5411,225.292,6.3839,1]},
{"frame":98,"values":[0.9955,-0.0437,-0.0845,0,0.05,0.996,0.0747,0,-0.0809,0.0786,-0.9936,0,-0.5178,225.3002,6.4027,1]},
{"frame":99,"values":[0.9955,-0.0434,-0.0847,0,0.0497,0.996,0.0743,0,-0.0811,0.0782,-0.9936,0,-0.4895,225.3054,6.4322,1]},
{"frame":100,"values":[0.9955,-0.0432,-0.0849,0,0.0495,0.996,0.074,0,-0.0813,0.0778,-0.9936,0,-0.4612,225.3099,6.4691,1]},
{"frame":101,"values":[0.9955,-0.043,-0.085,0,0.0493,0.9961,0.0736,0,-0.0815,0.0774,-0.9937,0,-0.4338,225.316,6.5092,1]},
{"frame":102,"values":[0.9955,-0.0428,-0.0851,0,0.0491,0.9961,0.0732,0,-0.0817,0.0771,-0.9937,0,-0.4051,225.3226,6.5512,1]},
{"frame":103,"values":[0.9954,-0.0426,-0.0853,0,0.0489,0.9961,0.073,0,-0.0819,0.0768,-0.9937,0,-0.3731,225.3291,6.593,1]},
{"frame":104,"values":[0.9954,-0.0425,-0.0855,0,0.0487,0.9962,0.0727,0,-0.0821,0.0766,-0.9937,0,-0.3373,225.337,6.6312,1]},
{"frame":105,"values":[0.9954,-0.0423,-0.0857,0,0.0486,0.9962,0.0724,0,-0.0824,0.0763,-0.9937,0,-0.2996,225.3468,6.6655,1]},
{"frame":106,"values":[0.9954,-0.0423,-0.086,0,0.0485,0.9962,0.0721,0,-0.0826,0.0759,-0.9937,0,-0.2631,225.3564,6.6999,1]},
{"frame":107,"values":[0.9954,-0.0422,-0.0863,0,0.0485,0.9963,0.0716,0,-0.083,0.0755,-0.9937,0,-0.2292,225.3644,6.7355,1]},
{"frame":108,"values":[0.9953,-0.0422,-0.0867,0,0.0484,0.9963,0.0711,0,-0.0833,0.075,-0.9937,0,-0.1961,225.3732,6.7677,1]},
{"frame":109,"values":[0.9953,-0.0421,-0.087,0,0.0483,0.9963,0.0705,0,-0.0837,0.0744,-0.9937,0,-0.1597,225.3858,6.7933,1]},
{"frame":110,"values":[0.9953,-0.0421,-0.0873,0,0.0483,0.9964,0.0699,0,-0.0841,0.0737,-0.9937,0,-0.1194,225.4,6.8155,1]},
{"frame":111,"values":[0.9953,-0.0422,-0.0876,0,0.0483,0.9964,0.0692,0,-0.0844,0.0731,-0.9937,0,-0.0782,225.4134,6.835,1]},
{"frame":112,"values":[0.9952,-0.0422,-0.088,0,0.0483,0.9965,0.0687,0,-0.0847,0.0726,-0.9938,0,-0.0366,225.4279,6.8448,1]},
{"frame":113,"values":[0.9952,-0.0421,-0.0883,0,0.0482,0.9965,0.0683,0,-0.0851,0.0722,-0.9937,0,0.0079,225.4448,6.8408,1]},
{"frame":114,"values":[0.9952,-0.0419,-0.0888,0,0.0481,0.9965,0.0681,0,-0.0856,0.0721,-0.9937,0,0.0549,225.4603,6.8301,1]},
{"frame":115,"values":[0.9951,-0.0418,-0.0893,0,0.048,0.9965,0.0682,0,-0.0862,0.0721,-0.9937,0,0.0997,225.4709,6.8222,1]},
{"frame":116,"values":[0.9951,-0.0417,-0.0897,0,0.0479,0.9965,0.0683,0,-0.0865,0.0723,-0.9936,0,0.1369,225.4769,6.8182,1]},
{"frame":117,"values":[0.9951,-0.0417,-0.0899,0,0.0479,0.9965,0.0686,0,-0.0868,0.0725,-0.9936,0,0.1663,225.4812,6.8126,1]},
{"frame":118,"values":[0.9951,-0.0416,-0.09,0,0.0479,0.9965,0.0688,0,-0.0868,0.0728,-0.9936,0,0.1924,225.4852,6.8022,1]},
{"frame":119,"values":[0.9951,-0.0416,-0.0901,0,0.0479,0.9965,0.069,0,-0.087,0.073,-0.9935,0,0.219,225.4893,6.7891,1]},
{"frame":120,"values":[0.995,-0.0415,-0.0903,0,0.0478,0.9964,0.0693,0,-0.0871,0.0733,-0.9935,0,0.246,225.4943,6.776,1]},
{"frame":121,"values":[0.995,-0.0415,-0.0906,0,0.0478,0.9964,0.0695,0,-0.0874,0.0734,-0.9935,0,0.2701,225.4996,6.7654,1]},
{"frame":122,"values":[0.995,-0.0415,-0.0907,0,0.0479,0.9964,0.0695,0,-0.0875,0.0735,-0.9934,0,0.2892,225.5027,6.7602,1]},
{"frame":123,"values":[0.995,-0.0415,-0.0908,0,0.0479,0.9964,0.0695,0,-0.0876,0.0735,-0.9934,0,0.3051,225.5042,6.7605,1]},
{"frame":124,"values":[0.995,-0.0416,-0.0909,0,0.048,0.9964,0.0694,0,-0.0877,0.0734,-0.9934,0,0.3207,225.5073,6.7631,1]},
{"frame":125,"values":[0.995,-0.0416,-0.0909,0,0.048,0.9964,0.0693,0,-0.0877,0.0733,-0.9934,0,0.3351,225.5123,6.7659,1]},
{"frame":126,"values":[0.995,-0.0417,-0.0909,0,0.0481,0.9964,0.0692,0,-0.0877,0.0732,-0.9935,0,0.3463,225.5175,6.7682,1]},
{"frame":127,"values":[0.995,-0.0419,-0.0909,0,0.0482,0.9964,0.0691,0,-0.0877,0.0731,-0.9935,0,0.3541,225.5231,6.7681,1]},
{"frame":128,"values":[0.995,-0.042,-0.0909,0,0.0483,0.9965,0.0689,0,-0.0877,0.0729,-0.9935,0,0.3601,225.529,6.7647,1]},
{"frame":129,"values":[0.995,-0.0421,-0.0909,0,0.0484,0.9965,0.0687,0,-0.0877,0.0727,-0.9935,0,0.3648,225.5318,6.7603,1]},
{"frame":130,"values":[0.995,-0.0422,-0.091,0,0.0485,0.9965,0.0684,0,-0.0878,0.0725,-0.9935,0,0.3669,225.5287,6.7585,1]},
{"frame":131,"values":[0.9949,-0.0424,-0.091,0,0.0487,0.9965,0.0683,0,-0.0878,0.0724,-0.9935,0,0.3639,225.5217,6.7595,1]},
{"frame":132,"values":[0.9949,-0.0426,-0.0909,0,0.0489,0.9965,0.0682,0,-0.0877,0.0723,-0.9935,0,0.3539,225.5145,6.7607,1]},
{"frame":133,"values":[0.9949,-0.0428,-0.0908,0,0.0491,0.9965,0.0681,0,-0.0876,0.0722,-0.9935,0,0.3391,225.5087,6.759,1]},
{"frame":134,"values":[0.9949,-0.043,-0.0907,0,0.0493,0.9965,0.0681,0,-0.0874,0.0722,-0.9935,0,0.3239,225.5036,6.7532,1]},
{"frame":135,"values":[0.9949,-0.0432,-0.0907,0,0.0494,0.9965,0.0681,0,-0.0874,0.0722,-0.9936,0,0.3096,225.4987,6.7435,1]},
{"frame":136,"values":[0.9949,-0.0433,-0.0907,0,0.0496,0.9965,0.0679,0,-0.0874,0.0721,-0.9936,0,0.2929,225.4926,6.7314,1]},
{"frame":137,"values":[0.9949,-0.0435,-0.0908,0,0.0497,0.9965,0.0677,0,-0.0875,0.0719,-0.9936,0,0.2709,225.4842,6.7205,1]},
{"frame":138,"values":[0.9949,-0.0436,-0.091,0,0.0499,0.9965,0.0674,0,-0.0877,0.0716,-0.9936,0,0.2453,225.476,6.7126,1]},
{"frame":139,"values":[0.9949,-0.0438,-0.0912,0,0.05,0.9965,0.067,0,-0.0879,0.0712,-0.9936,0,0.2209,225.4731,6.7043,1]},
{"frame":140,"values":[0.9948,-0.0441,-0.0915,0,0.0503,0.9965,0.0665,0,-0.0882,0.0708,-0.9936,0,0.1995,225.4762,6.6907,1]},
{"frame":141,"values":[0.9948,-0.0443,-0.0919,0,0.0504,0.9965,0.0661,0,-0.0886,0.0704,-0.9936,0,0.1795,225.4799,6.6711,1]},
{"frame":142,"values":[0.9947,-0.0444,-0.0923,0,0.0506,0.9966,0.0657,0,-0.0891,0.07,-0.9936,0,0.1608,225.4799,6.6493,1]},
{"frame":143,"values":[0.9947,-0.0445,-0.0928,0,0.0506,0.9966,0.0653,0,-0.0895,0.0696,-0.9935,0,0.1446,225.4771,6.628,1]},
{"frame":144,"values":[0.9947,-0.0445,-0.0931,0,0.0507,0.9966,0.0649,0,-0.0899,0.0693,-0.9935,0,0.1293,225.4748,6.6059,1]},
{"frame":145,"values":[0.9946,-0.0446,-0.0934,0,0.0508,0.9966,0.0647,0,-0.0902,0.0691,-0.9935,0,0.1133,225.474,6.5814,1]},
{"frame":146,"values":[0.9946,-0.0446,-0.0937,0,0.0508,0.9966,0.0644,0,-0.0905,0.0688,-0.9935,0,0.0982,225.475,6.5543,1]},
{"frame":147,"values":[0.9946,-0.0446,-0.094,0,0.0507,0.9967,0.0641,0,-0.0909,0.0685,-0.9935,0,0.0855,225.4776,6.5244,1]},
{"frame":148,"values":[0.9945,-0.0445,-0.0944,0,0.0507,0.9967,0.0637,0,-0.0913,0.0681,-0.9935,0,0.0754,225.4814,6.4927,1]},
{"frame":149,"values":[0.9945,-0.0444,-0.0949,0,0.0506,0.9967,0.0633,0,-0.0917,0.0677,-0.9935,0,0.067,225.4851,6.4622,1]},
{"frame":150,"values":[0.9945,-0.0444,-0.0952,0,0.0505,0.9967,0.0629,0,-0.0921,0.0674,-0.9935,0,0.059,225.4886,6.4362,1]},
{"frame":151,"values":[0.9944,-0.0443,-0.0955,0,0.0504,0.9968,0.0625,0,-0.0924,0.0669,-0.9935,0,0.0491,225.492,6.4144,1]},
{"frame":152,"values":[0.9944,-0.0443,-0.0956,0,0.0504,0.9968,0.062,0,-0.0926,0.0665,-0.9935,0,0.0374,225.4936,6.393,1]},
{"frame":153,"values":[0.9944,-0.0443,-0.0958,0,0.0503,0.9968,0.0616,0,-0.0928,0.0661,-0.9935,0,0.0279,225.4945,6.3683,1]},
{"frame":154,"values":[0.9944,-0.0442,-0.096,0,0.0502,0.9969,0.0613,0,-0.093,0.0657,-0.9935,0,0.0247,225.4984,6.3394,1]},
{"frame":155,"values":[0.9944,-0.0441,-0.0963,0,0.0502,0.9969,0.0611,0,-0.0933,0.0655,-0.9935,0,0.0269,225.5059,6.3099,1]},
{"frame":156,"values":[0.9943,-0.0441,-0.0966,0,0.0501,0.9969,0.0609,0,-0.0936,0.0654,-0.9935,0,0.0304,225.5113,6.2838,1]},
{"frame":157,"values":[0.9943,-0.044,-0.0969,0,0.0501,0.9969,0.0609,0,-0.0939,0.0654,-0.9934,0,0.0331,225.5115,6.2605,1]},
{"frame":158,"values":[0.9943,-0.044,-0.0971,0,0.05,0.9969,0.0611,0,-0.0941,0.0656,-0.9934,0,0.0349,225.5079,6.2383,1]},
{"frame":159,"values":[0.9943,-0.0439,-0.0972,0,0.05,0.9969,0.0613,0,-0.0942,0.0659,-0.9934,0,0.035,225.503,6.2182,1]},
{"frame":160,"values":[0.9943,-0.0439,-0.0973,0,0.05,0.9968,0.0617,0,-0.0942,0.0662,-0.9933,0,0.0339,225.4994,6.2004,1]},
{"frame":161,"values":[0.9943,-0.0439,-0.0973,0,0.0501,0.9968,0.062,0,-0.0943,0.0665,-0.9933,0,0.0324,225.4989,6.1825,1]},
{"frame":162,"values":[0.9943,-0.0441,-0.0974,0,0.0503,0.9968,0.0623,0,-0.0943,0.0669,-0.9933,0,0.0287,225.4991,6.1647,1]},
{"frame":163,"values":[0.9943,-0.0443,-0.0974,0,0.0505,0.9968,0.0627,0,-0.0943,0.0672,-0.9933,0,0.0211,225.4947,6.1508,1]},
{"frame":164,"values":[0.9943,-0.0445,-0.0973,0,0.0507,0.9967,0.063,0,-0.0942,0.0676,-0.9933,0,0.0127,225.4841,6.1457,1]},
{"frame":165,"values":[0.9942,-0.0447,-0.0973,0,0.051,0.9967,0.0635,0,-0.0942,0.0681,-0.9932,0,0.0107,225.4708,6.1533,1]},
{"frame":166,"values":[0.9942,-0.0449,-0.0974,0,0.0513,0.9966,0.0639,0,-0.0942,0.0685,-0.9932,0,0.0166,225.4576,6.1728,1]},
{"frame":167,"values":[0.9942,-0.0451,-0.0972,0,0.0515,0.9966,0.0642,0,-0.094,0.0689,-0.9932,0,0.0198,225.4431,6.1957,1]},
{"frame":168,"values":[0.9943,-0.0453,-0.0968,0,0.0517,0.9966,0.0645,0,-0.0936,0.0692,-0.9932,0,0.0131,225.4273,6.2116,1]},
{"frame":169,"values":[0.9943,-0.0455,-0.0964,0,0.0519,0.9965,0.0649,0,-0.0931,0.0695,-0.9932,0,0.0033,225.4128,6.2168,1]},
{"frame":170,"values":[0.9943,-0.0456,-0.0962,0,0.052,0.9965,0.0654,0,-0.0929,0.07,-0.9932,0,-0.0006,225.4006,6.213,1]},
{"frame":171,"values":[0.9943,-0.0457,-0.0961,0,0.0522,0.9964,0.0661,0,-0.0927,0.0707,-0.9932,0,0.0014,225.3877,6.2046,1]},
{"frame":172,"values":[0.9943,-0.0457,-0.096,0,0.0523,0.9964,0.067,0,-0.0925,0.0716,-0.9931,0,0.0035,225.3708,6.1959,1]},
{"frame":173,"values":[0.9944,-0.0458,-0.0957,0,0.0525,0.9963,0.0679,0,-0.0923,0.0726,-0.9931,0,-0.0001,225.3494,6.1903,1]},
{"frame":174,"values":[0.9944,-0.0459,-0.0953,0,0.0526,0.9962,0.0689,0,-0.0918,0.0735,-0.9931,0,-0.0122,225.3244,6.19,1]},
{"frame":175,"values":[0.9944,-0.046,-0.0949,0,0.0528,0.9962,0.0699,0,-0.0913,0.0745,-0.993,0,-0.0333,225.2991,6.1948,1]},
{"frame":176,"values":[0.9945,-0.0462,-0.0943,0,0.053,0.9961,0.0708,0,-0.0907,0.0754,-0.993,0,-0.0618,225.2788,6.1992,1]},
{"frame":177,"values":[0.9945,-0.0464,-0.0938,0,0.0532,0.996,0.0714,0,-0.0901,0.076,-0.993,0,-0.0959,225.2674,6.1977,1]},
{"frame":178,"values":[0.9946,-0.0464,-0.0931,0,0.0532,0.996,0.0717,0,-0.0894,0.0763,-0.9931,0,-0.1325,225.2629,6.1942,1]},
{"frame":179,"values":[0.9946,-0.0464,-0.0926,0,0.0532,0.996,0.0719,0,-0.0888,0.0765,-0.9931,0,-0.1665,225.261,6.1994,1]},
{"frame":180,"values":[0.9947,-0.0464,-0.0921,0,0.0531,0.996,0.072,0,-0.0884,0.0765,-0.9931,0,-0.1948,225.259,6.2181,1]},
{"frame":181,"values":[0.9947,-0.0463,-0.0917,0,0.053,0.996,0.072,0,-0.088,0.0765,-0.9932,0,-0.2217,225.2557,6.2437,1]},
{"frame":182,"values":[0.9947,-0.0464,-0.0912,0,0.053,0.996,0.0719,0,-0.0875,0.0763,-0.9932,0,-0.2513,225.2517,6.2674,1]},
{"frame":183,"values":[0.9948,-0.0463,-0.0909,0,0.053,0.996,0.0717,0,-0.0872,0.0762,-0.9933,0,-0.2767,225.2499,6.2887,1]},
{"frame":184,"values":[0.9948,-0.0462,-0.0908,0,0.0528,0.996,0.0716,0,-0.0871,0.076,-0.9933,0,-0.2906,225.2527,6.3104,1]},
{"frame":185,"values":[0.9948,-0.046,-0.0909,0,0.0526,0.9961,0.0715,0,-0.0872,0.0759,-0.9933,0,-0.2954,225.2583,6.3345,1]},
{"frame":186,"values":[0.9948,-0.0458,-0.091,0,0.0524,0.9961,0.0714,0,-0.0873,0.0758,-0.9933,0,-0.2973,225.263,6.3629,1]},
{"frame":187,"values":[0.9948,-0.0457,-0.091,0,0.0522,0.9961,0.0712,0,-0.0874,0.0755,-0.9933,0,-0.2984,225.2651,6.3949,1]},
{"frame":188,"values":[0.9948,-0.0456,-0.0911,0,0.0521,0.9961,0.071,0,-0.0875,0.0753,-0.9933,0,-0.2963,225.2657,6.4272,1]},
{"frame":189,"values":[0.9948,-0.0455,-0.0912,0,0.0521,0.9961,0.0708,0,-0.0876,0.0752,-0.9933,0,-0.2895,225.2668,6.4583,1]},
{"frame":190,"values":[0.9948,-0.0455,-0.0914,0,0.052,0.9961,0.0707,0,-0.0878,0.0751,-0.9933,0,-0.2801,225.2697,6.489,1]},
{"frame":191,"values":[0.9948,-0.0454,-0.0915,0,0.0519,0.9962,0.0706,0,-0.088,0.075,-0.9933,0,-0.27,225.2739,6.5199,1]},
{"frame":192,"values":[0.9948,-0.0453,-0.0917,0,0.0519,0.9962,0.0704,0,-0.0881,0.0748,-0.9933,0,-0.2586,225.2775,6.5516,1]},
{"frame":193,"values":[0.9947,-0.0453,-0.0918,0,0.0519,0.9962,0.0703,0,-0.0883,0.0747,-0.9933,0,-0.2413,225.2777,6.5887,1]},
{"frame":194,"values":[0.9947,-0.0454,-0.0919,0,0.052,0.9962,0.0702,0,-0.0884,0.0746,-0.9933,0,-0.2159,225.2742,6.6371,1]},
{"frame":195,"values":[0.9947,-0.0455,-0.0919,0,0.0521,0.9962,0.0701,0,-0.0884,0.0746,-0.9933,0,-0.1866,225.2705,6.6973,1]},
{"frame":196,"values":[0.9947,-0.0457,-0.0917,0,0.0522,0.9962,0.07,0,-0.0881,0.0744,-0.9933,0,-0.1599,225.2693,6.7668,1]},
{"frame":197,"values":[0.9948,-0.046,-0.0914,0,0.0524,0.9962,0.0697,0,-0.0878,0.0741,-0.9934,0,-0.1343,225.2698,6.8437,1]},
{"frame":198,"values":[0.9948,-0.0463,-0.0912,0,0.0527,0.9962,0.0694,0,-0.0877,0.0738,-0.9934,0,-0.101,225.2716,6.9254,1]},
{"frame":199,"values":[0.9947,-0.0465,-0.0913,0,0.053,0.9962,0.0691,0,-0.0878,0.0736,-0.9934,0,-0.0517,225.2768,7.0079,1]},
{"frame":200,"values":[0.9947,-0.0467,-0.0917,0,0.0531,0.9962,0.0689,0,-0.0882,0.0734,-0.9934,0,0.0136,225.2865,7.0903,1]},
{"frame":201,"values":[0.9946,-0.0468,-0.0923,0,0.0532,0.9962,0.0686,0,-0.0887,0.0732,-0.9934,0,0.0849,225.2971,7.1731,1]},
{"frame":202,"values":[0.9946,-0.0468,-0.0928,0,0.0533,0.9962,0.0684,0,-0.0892,0.073,-0.9933,0,0.1509,225.3045,7.2544,1]},
{"frame":203,"values":[0.9945,-0.047,-0.0931,0,0.0534,0.9962,0.0683,0,-0.0896,0.0729,-0.9933,0,0.2089,225.3075,7.3319,1]},
{"frame":204,"values":[0.9945,-0.0472,-0.0933,0,0.0536,0.9962,0.0681,0,-0.0898,0.0727,-0.9933,0,0.2626,225.3077,7.4075,1]},
{"frame":205,"values":[0.9945,-0.0474,-0.0935,0,0.0538,0.9962,0.0678,0,-0.0899,0.0725,-0.9933,0,0.3137,225.308,7.4818,1]},
{"frame":206,"values":[0.9945,-0.0476,-0.0936,0,0.054,0.9963,0.0674,0,-0.0901,0.0721,-0.9933,0,0.3623,225.3113,7.5524,1]},
{"frame":207,"values":[0.9944,-0.0478,-0.0938,0,0.0541,0.9963,0.0669,0,-0.0903,0.0716,-0.9933,0,0.4098,225.3188,7.6176,1]},
{"frame":208,"values":[0.9944,-0.0479,-0.0941,0,0.0543,0.9963,0.0665,0,-0.0905,0.0712,-0.9933,0,0.4578,225.3285,7.6791,1]},
{"frame":209,"values":[0.9944,-0.048,-0.0944,0,0.0544,0.9963,0.0661,0,-0.0909,0.0709,-0.9933,0,0.5072,225.3373,7.7414,1]},
{"frame":210,"values":[0.9943,-0.0481,-0.0948,0,0.0545,0.9963,0.0658,0,-0.0913,0.0706,-0.9933,0,0.5578,225.3449,7.8073,1]},
{"frame":211,"values":[0.9943,-0.0483,-0.0953,0,0.0547,0.9964,0.0655,0,-0.0918,0.0703,-0.9933,0,0.609,225.3536,7.8749,1]},
{"frame":212,"values":[0.9942,-0.0485,-0.0957,0,0.0548,0.9964,0.0649,0,-0.0922,0.0698,-0.9933,0,0.661,225.3643,7.9396,1]},
{"frame":213,"values":[0.9942,-0.0486,-0.0962,0,0.0549,0.9964,0.0642,0,-0.0927,0.0692,-0.9933,0,0.7157,225.3776,7.9986,1]},
{"frame":214,"values":[0.9941,-0.0487,-0.0966,0,0.055,0.9965,0.0635,0,-0.0932,0.0685,-0.9933,0,0.7749,225.3944,8.0517,1]},
{"frame":215,"values":[0.9941,-0.0487,-0.097,0,0.055,0.9965,0.0629,0,-0.0936,0.0678,-0.9933,0,0.8379,225.4142,8.099,1]},
{"frame":216,"values":[0.9941,-0.0488,-0.0974,0,0.055,0.9965,0.0623,0,-0.094,0.0673,-0.9933,0,0.9019,225.4337,8.1425,1]},
{"frame":217,"values":[0.994,-0.0488,-0.0977,0,0.055,0.9966,0.0619,0,-0.0943,0.0669,-0.9933,0,0.9652,225.4489,8.1867,1]},
{"frame":218,"values":[0.994,-0.0489,-0.098,0,0.0551,0.9966,0.0617,0,-0.0946,0.0667,-0.9933,0,1.0277,225.4582,8.2339,1]},
{"frame":219,"values":[0.994,-0.0489,-0.0982,0,0.0552,0.9966,0.0616,0,-0.0948,0.0667,-0.9933,0,1.0893,225.463,8.2822,1]},
{"frame":220,"values":[0.9939,-0.049,-0.0983,0,0.0553,0.9966,0.0616,0,-0.0949,0.0667,-0.9932,0,1.1482,225.4651,8.3281,1]},
{"frame":221,"values":[0.9939,-0.0491,-0.0983,0,0.0554,0.9966,0.0618,0,-0.0949,0.0669,-0.9932,0,1.2016,225.4657,8.3684,1]},
{"frame":222,"values":[0.9939,-0.0493,-0.0982,0,0.0555,0.9965,0.062,0,-0.0948,0.0671,-0.9932,0,1.248,225.4657,8.4005,1]},
{"frame":223,"values":[0.994,-0.0494,-0.098,0,0.0557,0.9965,0.0623,0,-0.0946,0.0674,-0.9932,0,1.2897,225.4656,8.4258,1]},
{"frame":224,"values":[0.994,-0.0496,-0.0977,0,0.0558,0.9965,0.0627,0,-0.0943,0.0678,-0.9932,0,1.3312,225.466,8.4484,1]},
{"frame":225,"values":[0.994,-0.0497,-0.0973,0,0.056,0.9964,0.063,0,-0.0939,0.0681,-0.9933,0,1.3743,225.4674,8.4711,1]},
{"frame":226,"values":[0.994,-0.0499,-0.097,0,0.0562,0.9964,0.0634,0,-0.0935,0.0684,-0.9933,0,1.4182,225.4691,8.4933,1]},
{"frame":227,"values":[0.994,-0.0499,-0.0969,0,0.0562,0.9964,0.0638,0,-0.0934,0.0689,-0.9932,0,1.463,225.4681,8.5159,1]},
{"frame":228,"values":[0.994,-0.0499,-0.097,0,0.0563,0.9963,0.0643,0,-0.0934,0.0693,-0.9932,0,1.5096,225.463,8.5403,1]},
{"frame":229,"values":[0.994,-0.0499,-0.097,0,0.0563,0.9963,0.0648,0,-0.0934,0.0699,-0.9932,0,1.557,225.4552,8.5669,1]},
{"frame":230,"values":[0.9941,-0.0499,-0.0968,0,0.0563,0.9963,0.0653,0,-0.0932,0.0704,-0.9932,0,1.6014,225.4466,8.5943,1]},
{"frame":231,"values":[0.9941,-0.0499,-0.0964,0,0.0564,0.9962,0.0658,0,-0.0928,0.0708,-0.9932,0,1.6388,225.4387,8.6212,1]},
{"frame":232,"values":[0.9941,-0.05,-0.096,0,0.0565,0.9962,0.0662,0,-0.0923,0.0712,-0.9932,0,1.669,225.4329,8.6469,1]},
{"frame":233,"values":[0.9942,-0.0502,-0.0956,0,0.0566,0.9962,0.0664,0,-0.0919,0.0714,-0.9932,0,1.6946,225.4301,8.6703,1]},
{"frame":234,"values":[0.9942,-0.0503,-0.0953,0,0.0567,0.9962,0.0664,0,-0.0916,0.0714,-0.9932,0,1.7166,225.4292,8.6906,1]},
{"frame":235,"values":[0.9942,-0.0504,-0.095,0,0.0568,0.9962,0.0661,0,-0.0913,0.0711,-0.9933,0,1.7335,225.4295,8.7096,1]},
{"frame":236,"values":[0.9942,-0.0505,-0.0946,0,0.0569,0.9962,0.0657,0,-0.091,0.0707,-0.9933,0,1.7446,225.431,8.7299,1]},
{"frame":237,"values":[0.9942,-0.0507,-0.0943,0,0.057,0.9963,0.065,0,-0.0907,0.07,-0.9934,0,1.7515,225.4333,8.7501,1]},
{"frame":238,"values":[0.9943,-0.051,-0.0941,0,0.0572,0.9963,0.0644,0,-0.0905,0.0694,-0.9935,0,1.7553,225.4352,8.7646,1]},
{"frame":239,"values":[0.9943,-0.0512,-0.0938,0,0.0573,0.9963,0.0637,0,-0.0902,0.0688,-0.9935,0,1.7555,225.4361,8.77,1]},
{"frame":240,"values":[0.9943,-0.0514,-0.0936,0,0.0575,0.9963,0.0632,0,-0.09,0.0682,-0.9936,0,1.75,225.4373,8.7675,1]},
{"frame":241,"values":[0.9943,-0.0517,-0.0933,0,0.0577,0.9964,0.0628,0,-0.0897,0.0679,-0.9937,0,1.7359,225.4388,8.7579,1]},
{"frame":242,"values":[0.9943,-0.0518,-0.0931,0,0.0578,0.9964,0.0626,0,-0.0895,0.0676,-0.9937,0,1.7143,225.4384,8.738,1]},
{"frame":243,"values":[0.9943,-0.052,-0.093,0,0.0579,0.9964,0.0624,0,-0.0895,0.0674,-0.9937,0,1.6895,225.4362,8.7049,1]},
{"frame":244,"values":[0.9943,-0.052,-0.0931,0,0.0579,0.9964,0.0622,0,-0.0895,0.0672,-0.9937,0,1.6644,225.4355,8.6608,1]},
{"frame":245,"values":[0.9943,-0.052,-0.0932,0,0.0579,0.9964,0.0619,0,-0.0897,0.067,-0.9937,0,1.6377,225.4376,8.6111,1]},
{"frame":246,"values":[0.9943,-0.0521,-0.0935,0,0.058,0.9964,0.0616,0,-0.0899,0.0667,-0.9937,0,1.606,225.4401,8.5587,1]},
{"frame":247,"values":[0.9942,-0.0521,-0.0937,0,0.058,0.9964,0.0613,0,-0.0901,0.0664,-0.9937,0,1.5668,225.4402,8.5018,1]},
{"frame":248,"values":[0.9942,-0.0522,-0.0939,0,0.0581,0.9964,0.0611,0,-0.0903,0.0662,-0.9937,0,1.5195,225.4385,8.4385,1]},
{"frame":249,"values":[0.9942,-0.0523,-0.094,0,0.0582,0.9964,0.0608,0,-0.0905,0.066,-0.9937,0,1.4655,225.4363,8.3712,1]},
{"frame":250,"values":[0.9942,-0.0525,-0.0943,0,0.0583,0.9965,0.0605,0,-0.0908,0.0656,-0.9937,0,1.4098,225.4342,8.3034,1]},
{"frame":251,"values":[0.9941,-0.0526,-0.0946,0,0.0584,0.9965,0.06,0,-0.0911,0.0652,-0.9937,0,1.359,225.4337,8.2363,1]},
{"frame":261,"values":[0.9994,0.0132,0.0331,0,-0.0121,0.9993,-0.0343,0,0.0335,-0.0338,-0.9989,0,-0.112,226.1528,7.4599,1]},
{"frame":262,"values":[0.9996,0.0142,0.0243,0,-0.0131,0.9989,-0.0446,0,0.0249,-0.0442,-0.9987,0,0.2717,227.1031,8.5042,1]},
{"frame":263,"values":[0.9999,0.0051,0.0136,0,-0.0043,0.9984,-0.0556,0,0.0139,-0.0555,-0.9984,0,0.8946,226.262,9.3193,1]},
{"frame":264,"values":[0.9997,-0.0229,-0.0055,0,0.0225,0.9977,-0.0635,0,-0.0069,-0.0633,-0.998,0,1.8286,223.7733,9.7212,1]},
{"frame":265,"values":[0.9982,-0.0505,-0.0309,0,0.0483,0.9965,-0.0676,0,-0.0342,-0.066,-0.9972,0,2.7309,220.065,9.5283,1]},
{"frame":266,"values":[0.9969,-0.0614,-0.0496,0,0.0578,0.9957,-0.0719,0,-0.0539,-0.0688,-0.9962,0,3.5008,216.1635,9.2984,1]},
{"frame":267,"values":[0.9964,-0.0602,-0.0604,0,0.0558,0.9958,-0.0727,0,-0.0645,-0.0691,-0.9955,0,4.2755,213.0685,9.3372,1]},
{"frame":268,"values":[0.9973,-0.0452,-0.0577,0,0.042,0.9976,-0.0553,0,-0.0601,-0.0527,-0.9968,0,5.105,210.7025,8.2558,1]},
{"frame":269,"values":[0.9982,-0.0342,-0.0483,0,0.0322,0.9986,-0.0415,0,-0.0497,-0.0399,-0.998,0,6.3692,209.5443,5.8306,1]},
{"frame":270,"values":[0.999,-0.0255,-0.0377,0,0.0244,0.9993,-0.0293,0,-0.0385,-0.0283,-0.9989,0,7.826,209.3187,3.7189,1]},
{"frame":271,"values":[0.9994,-0.021,-0.0258,0,0.0205,0.9996,-0.0186,0,-0.0262,-0.018,-0.9995,0,9.2114,209.6982,2.2795,1]},
{"frame":272,"values":[0.9998,-0.0182,-0.0127,0,0.0181,0.9998,-0.0093,0,-0.0129,-0.009,-0.9999,0,10.5357,210.7232,1.6147,1]},
{"frame":273,"values":[0.9999,-0.0154,0.0007,0,0.0154,0.9999,-0.0013,0,0.0006,-0.0013,-1,0,11.5097,212.5265,1.8085,1]},
{"frame":274,"values":[0.9998,-0.0127,0.0141,0,0.0126,0.9999,0.0052,0,0.0142,0.005,-0.9999,0,11.815,215.4888,2.5795,1]},
{"frame":275,"values":[0.9996,-0.01,0.0277,0,0.0097,0.9999,0.0103,0,0.0278,0.0101,-0.9996,0,11.5155,218.808,3.6568,1]},
{"frame":276,"values":[0.9991,-0.0063,0.0411,0,0.0058,0.9999,0.014,0,0.0412,0.0138,-0.9991,0,10.7411,221.5471,4.4293,1]},
{"frame":277,"values":[0.9985,-0.0018,0.0543,0,0.001,0.9999,0.0139,0,0.0544,0.0138,-0.9984,0,9.9721,223.6327,4.8822,1]},
{"frame":278,"values":[0.9978,0.0037,0.0667,0,-0.0044,0.9999,0.0092,0,0.0666,0.0094,-0.9977,0,9.2571,224.3792,5.348,1]},
{"frame":279,"values":[0.9969,0.0111,0.078,0,-0.0111,0.9999,-0.0013,0,0.0781,-0.0004,-0.9969,0,8.4541,223.5825,5.6477,1]},
{"frame":280,"values":[0.9949,0.0324,0.0952,0,-0.031,0.9994,-0.016,0,0.0956,-0.013,-0.9953,0,7.3048,221.6859,5.3161,1]},
{"frame":281,"values":[0.9921,0.0522,0.114,0,-0.0488,0.9983,-0.0325,0,0.1155,-0.0267,-0.993,0,6.146,218.705,4.5599,1]},
{"frame":282,"values":[0.9901,0.064,0.1247,0,-0.0582,0.997,-0.0501,0,0.1275,-0.0424,-0.9909,0,5.1117,215.4993,4.2404,1]},
{"frame":283,"values":[0.9903,0.0598,0.1255,0,-0.0536,0.9972,-0.0522,0,0.1283,-0.045,-0.9907,0,3.9827,212.4893,3.7255,1]},
{"frame":284,"values":[0.9926,0.0366,0.116,0,-0.0327,0.9989,-0.0348,0,0.1171,-0.0307,-0.9926,0,2.7927,210.3343,2.2858,1]},
{"frame":285,"values":[0.9943,0.0213,0.104,0,-0.0184,0.9994,-0.0284,0,0.1046,-0.0264,-0.9942,0,1.4588,209.5381,0.6081,1]},
{"frame":286,"values":[0.9956,0.0139,0.0924,0,-0.0115,0.9996,-0.0265,0,0.0927,-0.0253,-0.9954,0,0.0747,209.6517,-0.6928,1]},
{"frame":287,"values":[0.9967,0.0122,0.0806,0,-0.01,0.9996,-0.0277,0,0.0809,-0.0268,-0.9964,0,-1.4241,211.1845,-1.2848,1]},
{"frame":288,"values":[0.9975,0.0126,0.0693,0,-0.0105,0.9995,-0.0306,0,0.0697,-0.0298,-0.9971,0,-2.5513,213.4088,-0.2374,1]},
{"frame":289,"values":[0.9982,0.0137,0.0591,0,-0.0117,0.9994,-0.0339,0,0.0596,-0.0332,-0.9977,0,-2.7599,216.5023,1.4858,1]},
